0.995572
6.75912e-05
0.995738
0.97143
0.997157
0.192732
0.695364
0.898181
0.65172
0.416373
0.535701
0.751438
0.229607
0.840246
0.205249
3.44737e-06
0.0967047
0.969095
0.909481
0.302469
3.33293e-06
0.55957
0.982021
1.42458e-05
0.856329
0.934831
0.99038
0.129311
0.815322
0.978543
0.444726
1.06744e-05
0.778274
0.000156188
0.253139
0.189749
0.998218
0.986418
0.97723
0.925208
0.993637
0.388468
1.28244e-06
2.99301e-05
0.0449093
1.44989e-05
0.45561
0.382989
0.922413
0.326062
0.869787
0.99312
0.809951
0.245586
0.239105
0.000206923
1.84199e-05
0.0106023
2.91712e-05
2.48119e-05
6.37188e-06
3.75897e-06
0.142881
0.379969
0.908572
0.588519
4.55297e-06
3.35259e-05
5.11187e-06
5.38354e-05
0.726377
0.952041
0.793492
0.395166
0.117005
0.82154
0.3702
0.846153
0.699702
0.870798
0.155803
0.193044
0.765155
7.19292e-05
0.714517
0.264328
6.12355e-05
0.738188
0.991095
0.898109
2.43174e-06
0.81579
0.672496
0.400708
0.949966
0.00022745
8.08093e-05
0.685526
7.43457e-05
4.52794e-06
4.57526e-05
0.339425
3.08853e-05
3.33069e-05
0.391787
0.138301
0.000143559
0.979059
0.991099
0.817673
0.865598
1.92293e-05
0.000242583
0.0234559
0.000268052
0.955626
0.848861
0.996776
0.890382
0.847303
0.65357
0.992921
0.911604
6.73321e-05
0.104727
0.147632
3.6713e-06
0.919928
0.896905
0.848852
0.995809
0.919261
0.849353
0.93625
0.930821
0.865719
5.52078e-06
0.0335155
8.38809e-05
0.206121
4.76308e-05
4.17468e-06
0.913356
0.981857
0.980904
0.99457
0.989425
0.247466
0.821169
1.43953e-05
8.86144e-06
0.995594
0.873145
0.939356
0.888651
0.981913
0.955076
0.966066
9.68144e-06
0.431273
0.994885
0.856692
0.849765
0.990773
0.815359
0.358496
0.198546
0.000123728
0.991682
0.921452
0.896117
0.701256
0.978335
0.979703
5.72042e-06
0.147889
1.73196e-06
5.41124e-05
0.147993
2.05239e-05
0.607737
0.931721
1.36646e-05
0.0501898
8.10883e-05
4.92373e-06
0.299328
0.167496
0.954379
0.543286
0.970181
0.551936
0.577516
0.828763
0.970209
0.0962771
0.36498
8.37904e-05
0.893229
0.723541
0.861979
0.666432
0.991792
0.918536
0.841005
0.202353
0.805542
0.679055
0.820195
2.55444e-05
0.0131465
0.251838
0.106006
2.24966e-05
0.563582
0.930354
1.12867e-05
1.12713e-05
0.860062
0.372163
0.350948
6.02373e-06
0.0679862
7.22529e-05
0.966264
0.753927
0.951692
0.883271
0.867338
0.501745
0.277818
0.907176
5.0487e-05
1.32389e-06
0.000172377
1.22507e-05
0.520323
9.19948e-05
3.77705e-05
7.37065e-06
0.962834
0.88568
0.501432
0.81295
0.260713
0.397605
0.000706973
0.000439677
3.07889e-06
0.960839
0.33859
0.00455886
0.0004286
1.67542e-05
9.20356e-06
0.806707
0.961293
0.00141105
0.753048
0.98518
0.915581
0.697811
0.709548
9.83638e-06
8.05421e-06
2.17973e-05
3.17813e-06
0.0941674
0.699479
0.919876
0.990264
0.614739
0.976163
0.000167991
0.000479773
0.000166133
0.674588
0.000414072
0.986325
0.93649
0.0232879
1.68182e-05
0.0603684
2.37118e-05
0.833328
0.276408
0.867866
0.613838
0.862833
0.000319366
0.730315
0.00010217
0.938574
7.02953e-05
0.952328
0.843209
0.265407
7.30604e-06
6.20588e-05
0.000169877
0.464685
0.496344
3.42655e-05
0.414849
0.924609
0.000121571
0.656959
6.00874e-05
0.241647
0.797804
0.000117814
3.48837e-05
0.47401
0.167162
0.627365
0.000450153
0.531139
0.815184
7.79265e-06
0.840732
0.802338
8.88503e-05
0.211487
2.17159e-05
0.828709
1.91097e-06
0.684863
3.2728e-05
0.000185908
3.01241e-05
0.0853781
0.113662
6.55813e-05
0.000122749
0.166809
0.000197819
1.15086e-05
0.275101
0.169576
0.000463699
3.95166e-05
0.826608
0.000104539
0.000347742
1.32884e-05
0.0987898
8.43038e-06
0.424947
0.0732873
0.78283
2.45375e-06
0.58209
0.001175
2.28294e-05
0.780356
0.970929
0.718856
0.357056
0.0725542
7.75116e-05
4.27229e-05
1.72194e-05
5.58965e-06
2.62261e-05
0.0851683
0.605486
0.52813
0.977778
0.827608
0.00112518
0.367107
0.523376
1.67361e-06
0.639609
2.29849e-05
0.178
0.517709
0.958925
0.908835
0.801398
0.977975
0.992914
0.916152
0.965686
0.512556
0.966929
0.66399
0.000182076
2.28684e-05
6.20035e-06
3.4997e-05
0.000115496
8.6728e-05
0.259234
5.71573e-05
0.906651
0.460074
0.722852
0.401383
4.9047e-05
1.76806e-05
0.687457
0.991742
0.958844
0.993776
0.949036
0.991393
0.921948
0.000390346
0.992074
1.80995e-05
0.997643
0.656019
0.902462
0.45658
0.882928
0.765842
0.921451
0.870052
0.821385
0.996933
0.703775
0.969242
0.469384
0.970639
0.765839
0.670503
0.0696816
0.925538
0.664306
0.82476
0.969863
0.832287
0.19014
0.655983
0.160403
0.0574407
0.650172
0.497484
0.176618
0.990094
9.39789e-06
0.81233
0.50691
0.608613
0.000165679
0.543334
0.807381
0.969869
0.215687
8.14346e-05
0.884293
0.000323696
0.89529
0.000347635
0.160379
0.000188318
0.958049
1.89223e-05
0.589643
0.961701
0.565083
9.29546e-05
0.750419
0.000130564
2.85593e-05
0.965894
0.445236
0.90646
0.991583
0.00133922
0.898438
0.315684
0.872483
0.824669
0.164647
0.379846
0.963311
0.776922
0.789559
5.27493e-05
0.721602
0.90975
0.707381
0.379194
6.96425e-05
0.632091
0.969248
0.915687
0.367396
0.975964
0.83238
0.738482
0.996437
0.988549
0.781535
0.812961
0.795201
0.960674
0.872555
0.905019
0.281529
0.986281
0.858089
0.628939
0.000424078
0.393113
0.337531
0.143135
0.45492
0.000338366
0.000180974
0.889635
0.17562
0.856754
0.405311
0.891431
0.892477
0.319353
7.30546e-05
0.773235
0.801707
0.909155
0.994928
0.945748
0.805919
0.67018
0.0748696
0.294672
0.573487
0.414539
0.983548
0.547877
0.000469432
0.39376
0.998893
0.882198
0.576443
0.894279
0.869548
0.875035
0.925466
0.933275
0.982119
0.897076
0.672283
0.940398
1.09488e-05
0.996849
0.773723
0.157216
0.738022
0.00129395
0.950039
0.000425118
0.9732
0.989297
0.347136
0.000391409
0.730246
0.000589194
0.195275
0.810225
1.4608e-05
0.000181814
0.798294
0.96096
0.625714
0.395475
0.000174585
0.609794
0.997403
0.468099
0.760686
9.89582e-06
4.28596e-05
0.785596
0.995592
0.995965
0.480733
0.00166111
0.99615
0.995056
0.998684
0.991326
0.86766
0.974604
0.996704
0.990569
0.970583
0.982783
5.03081e-05
0.977341
0.803414
0.000693102
0.000121448
0.999752
0.985362
0.797548
0.876294
0.908824
0.0237347
0.983695
0.990802
0.912321
0.783813
0.972054
0.826199
8.65354e-05
0.651324
0.0401165
0.811215
0.881336
0.948547
0.000343259
0.978156
0.87547
0.894089
0.750828
0.911013
0.881042
0.928851
0.739415
0.92651
0.990201
3.41345e-05
0.960433
0.954372
0.918844
0.996914
0.795046
0.99141
0.988481
0.768358
0.940895
0.878299
0.809555
0.634016
0.997008
0.666372
0.0631478
0.922175
0.677031
0.00020283
0.972743
0.985778
0.00175828
0.000196575
0.950028
0.638193
0.422801
0.975577
0.675749
0.922244
2.15729e-05
0.000505234
0.609891
0.338428
0.76059
0.786607
0.984836
0.802636
0.651465
0.633654
0.957592
0.000911774
0.680561
0.953476
0.98137
0.660121
7.1852e-05
0.965214
0.859844
0.300176
0.896873
0.872001
0.974402
0.973884
0.906436
0.412533
0.57399
0.9645
0.947591
0.882346
0.595396
0.847583
0.882322
0.712326
0.829146
0.531016
0.699184
0.0010133
0.000138463
0.838159
0.839034
0.968127
0.938111
0.964478
0.901678
0.931864
0.681783
0.000609976
0.810518
0.460351
0.000595533
0.974959
0.00085447
0.000326183
0.000119418
0.741293
0.00118972
0.00019825
0.79723
0.978524
0.000313285
0.870751
0.748991
0.914223
0.0022516
0.000500375
0.9083
0.000454383
0.727773
0.000418216
0.394278
7.96157e-05
0.623952
0.000187109
0.786606
0.000205556
0.000797068
0.373595
0.902524
0.9065
0.949933
0.000267257
0.862803
0.797647
0.00162286
0.826637
0.132223
4.5996e-05
0.000247632
0.84454
0.000712452
0.000104928
2.08607e-05
0.000130163
0.953778
0.21022
0.815546
0.591121
0.000968118
0.869533
0.293388
0.000506684
0.961233
0.000679448
8.18374e-05
4.07575e-05
0.000655044
0.253352
0.904513
0.000106442
0.977965
0.861666
0.000505899
0.0011558
0.617661
0.293248
0.915234
0.733368
0.795475
0.0214472
0.000154993
0.000359722
0.000101259
0.0136004
0.777686
7.04652e-05
0.000186897
0.812077
4.92936e-05
0.000121644
0.484407
0.000102772
0.00175528
0.00161694
0.000127781
0.966652
0.251269
0.000580061
0.000606184
0.661729
0.000669851
0.000633411
0.00045159
0.632608
0.00152758
0.181321
0.000107122
0.000205725
0.000736776
0.000239797
0.131481
0.000127456
0.77381
0.187576
0.454089
3.69046e-05
0.00030455
0.450768
0.751132
0.000255546
0.000341102
0.000962304
0.920344
0.971427
0.735254
0.898193
0.000201534
0.565934
0.000640203
0.416448
0.000710448
0.898986
0.906336
0.000224878
0.000125744
0.0760222
0.000144246
0.766754
0.777151
0.508331
0.309387
0.41196
0.000977755
0.000236201
4.85899e-05
0.101887
5.15045e-05
0.942191
0.211998
0.901082
0.109467
0.830561
9.9716e-05
0.000299513
0.0730522
0.261304
4.47064e-05
0.441654
0.000229274
0.00132405
0.000150864
0.00640095
0.000537497
2.48256e-05
0.418865
0.981417
0.910234
1.61694e-05
0.000371435
3.13254e-05
0.135662
0.341499
0.000450738
0.000136451
0.293338
0.938567
0.000183918
0.37609
0.949612
7.7635e-05
0.00831416
0.000324332
0.642935
0.918686
0.71522
0.171998
0.000269165
0.416984
0.00151251
0.000781335
0.00148935
0.448094
0.00023096
0.829955
0.759312
0.7653
0.879683
0.112164
0.000160732
0.793305
0.00275163
0.840896
0.763384
9.8603e-05
0.000214701
0.00015318
0.93995
0.973967
0.931464
0.922271
0.928447
0.00115144
0.98503
0.920199
0.716904
0.817378
0.503338
0.000307393
0.000322553
0.625071
3.88584e-05
0.875981
1.17893e-05
0.45669
0.000310068
0.157535
0.862633
0.849533
0.00026514
0.741131
0.956939
0.495746
0.980843
0.941421
0.90832
0.955271
9.62524e-05
5.94553e-05
0.47299
0.657425
2.01049e-05
0.625307
0.454481
7.14493e-05
0.898511
0.852829
1.58097e-05
0.753071
0.00160294
0.969526
0.983105
0.997202
0.922268
0.0137215
0.993436
0.899204
0.372162
0.902748
0.985748
0.96456
0.953372
0.989187
0.59837
0.98542
0.95758
0.954359
0.991326
0.71242
0.99208
0.845994
0.946654
0.94009
0.991087
0.881035
0.975408
0.000602106
0.492101
0.000129521
6.53032e-06
0.987032
0.841654
0.95213
0.864885
0.995719
0.968681
0.875327
0.98882
8.2138e-06
0.985984
0.916203
0.553325
0.882671
8.2195e-05
0.897188
0.895776
1.70879e-05
0.831611
0.684409
0.923243
0.845139
0.743076
0.97026
0.499253
5.14662e-05
0.880571
0.86687
0.698041
0.827699
0.977915
0.740696
0.987923
0.947395
0.93526
0.000197266
0.00183993
0.351227
0.00186773
0.440447
0.000260565
0.00031198
0.000313779
0.764364
0.000479562
0.00310761
0.969537
0.807768
0.895049
0.954203
0.000294986
0.532853
0.000341737
0.955364
0.00130983
0.839509
0.000328027
0.919618
5.1243e-05
0.377618
9.09172e-05
0.364674
0.000476276
0.902575
0.00018586
0.658992
0.571774
0.082908
0.170177
0.000124045
0.000639403
0.00104326
0.895174
0.000147667
0.855561
0.00407747
0.385751
0.64795
0.874611
0.000101217
0.0948211
0.000148176
1.4471e-05
0.277215
0.528803
3.7299e-05
0.000347202
0.00219585
0.000303521
0.000429293
0.192444
0.230017
0.000884984
0.000311746
0.00013183
0.687179
0.153139
0.000261743
0.000171034
0.127743
0.607016
0.916067
2.20605e-05
0.974964
0.000936025
0.764643
0.00117631
0.000521436
0.909642
0.000718945
0.000140963
0.556608
0.610166
6.66184e-05
0.000185192
0.976185
0.998705
0.99005
0.987365
0.000130907
0.000498631
0.979849
1.84729e-05
9.06618e-05
0.954134
0.976039
0.971996
0.99037
0.322678
0.958126
0.00092541
0.000259937
0.210783
3.53948e-05
0.781046
0.000214062
9.91922e-05
0.890814
0.897437
0.520685
7.06014e-05
0.603592
0.000165253
0.000215801
0.785819
0.928438
0.990424
0.000418547
0.95657
0.968762
0.846021
0.968907
0.941579
0.945359
0.974482
0.912131
0.218789
9.24132e-05
0.678813
0.921441
0.929555
0.000301969
0.892143
0.840095
0.811751
0.000154389
0.000348314
0.845205
9.85926e-05
0.00031079
0.153924
0.000346204
1.9958e-05
0.000528155
8.72693e-05
0.00019372
0.000427687
0.343556
0.578008
2.6692e-05
0.000122514
0.431562
0.981583
0.51264
0.000100185
0.000313676
0.172885
5.06244e-05
0.988647
0.296557
0.000182143
0.000236458
0.95884
0.950291
4.28047e-05
0.816238
0.0022982
3.05024e-05
0.00303975
0.946987
0.34373
0.000674748
0.946498
0.929658
0.691527
2.5723e-05
0.000995037
0.161754
9.99924e-05
0.991021
0.913367
0.934541
0.938516
0.000776048
0.995265
0.952024
0.885035
0.980461
0.000350708
0.924724
0.000897149
0.692167
0.932959
0.972526
0.786816
0.847588
0.0200428
0.843652
0.687754
0.39067
0.000100271
0.0504157
0.880038
0.937095
0.799965
0.99603
0.871552
8.99233e-06
0.00130912
0.99614
0.994352
0.916206
0.712417
0.932489
0.976973
0.955521
0.684794
2.75674e-05
0.696727
0.985967
0.96604
0.912757
0.26194
0.235507
0.909599
0.953588
0.772135
0.972903
0.981727
0.942907
0.934676
0.313031
0.723987
0.866472
0.734663
2.32765e-05
0.000370436
0.799501
0.782006
0.898958
0.799414
0.906462
0.000627321
0.998615
0.948674
0.000110797
0.990197
1.46901e-05
0.750073
0.00459766
0.879905
0.914996
0.973257
0.229594
0.860011
0.987221
0.987004
0.534788
0.0954709
0.921115
0.000171013
0.576546
0.975158
0.952618
0.985
0.96528
0.000108534
0.00126325
0.481552
0.889562
0.000378168
0.594487
0.863288
0.00194439
0.000240015
0.894164
0.125374
0.376103
0.891071
0.000179559
0.945064
0.854195
0.936436
0.000149177
8.45364e-05
0.000149125
0.0100981
0.156476
0.992282
0.00154486
0.975476
0.969593
0.53451
0.974184
0.000175518
0.000111888
2.53332e-05
0.000118968
4.93968e-05
0.256158
0.967978
0.838596
0.00457468
0.00430801
0.979289
0.000596771
0.733038
0.959642
0.959706
0.774521
6.08765e-05
0.81353
0.000190914
0.00143345
0.000237781
0.00919277
0.000612879
0.00456124
0.000112135
0.00111978
0.641176
0.000129252
0.867885
0.000611889
0.000143166
0.063259
0.000110712
8.93158e-06
8.50657e-05
0.872597
0.961008
0.601873
0.0028315
0.000237628
0.00108616
0.787594
0.923489
0.998417
9.04704e-05
0.904059
0.157742
2.07454e-05
0.738615
0.000303894
2.76048e-05
1.67317e-05
0.992548
5.52044e-05
2.83898e-05
7.6471e-05
1.74537e-05
0.00102351
0.427341
2.97321e-05
0.000148259
0.000368962
2.01314e-05
0.000163953
0.000916598
9.25188e-05
8.87638e-05
5.01164e-05
0.92295
6.65855e-05
0.00101195
0.000191315
0.638162
3.96996e-05
7.04683e-05
0.000341027
5.67258e-05
0.189047
0.245942
0.359531
0.000847966
0.638077
0.352753
0.000101617
0.102092
0.000280198
0.110038
0.710371
0.947939
0.000324638
0.391771
6.56044e-05
0.317261
0.000182944
0.808149
1.3103e-05
0.000125093
0.0436264
8.91348e-05
0.3548
0.00180048
3.40613e-05
0.128727
0.9105
6.17818e-06
7.18984e-05
8.48907e-05
0.0825169
0.38723
0.0638482
0.206616
0.000419474
0.898382
2.45766e-05
0.702512
3.01093e-05
0.547017
0.0020737
0.000564339
0.0419925
1.8602e-05
5.79918e-05
6.92074e-05
0.233311
0.383626
7.69727e-06
0.081937
3.19847e-05
1.64585e-05
0.781457
8.47584e-05
0.000146731
0.983317
0.000116915
0.000165366
0.178292
0.515449
0.150861
2.44137e-05
0.143499
0.292926
2.62075e-05
0.0848363
0.650755
5.83657e-05
5.78407e-05
0.000154608
8.35197e-05
0.722536
0.672745
2.51094e-05
0.467321
0.000195391
0.937472
0.943557
0.227265
0.067119
8.39009e-05
1.97381e-05
0.350067
0.721705
0.789313
9.2426e-05
0.515848
0.000208419
3.74731e-05
5.45238e-05
0.000299749
7.4319e-05
0.000146311
1.94546e-05
0.000359696
3.77481e-05
2.63934e-05
5.71935e-05
0.780044
4.21744e-05
0.949712
0.931685
0.000823089
0.00119716
0.238033
7.46331e-05
0.000232609
0.933406
0.135384
0.225326
4.55359e-05
0.000783168
0.41597
0.4796
0.809564
0.479955
0.909907
0.00201625
0.00030281
0.000301544
8.17901e-05
0.00042954
2.31919e-05
0.000190811
0.367571
0.873341
5.3822e-05
0.00155495
0.0412753
0.588614
0.984133
0.725987
3.20209e-05
0.368394
0.624646
0.375921
0.000168955
0.000121876
3.31146e-05
2.86562e-05
0.000441333
0.488907
0.551475
0.958478
3.59221e-05
0.000138999
0.000372532
0.000265376
0.862631
0.000594124
0.000195068
0.000323289
2.26432e-05
0.000101228
0.89838
0.575523
0.371028
0.000158579
1.61107e-05
0.540335
0.320656
0.769514
0.000639613
0.924247
0.000115184
0.000106842
0.000283578
0.833206
0.000105559
0.000262963
0.000589942
0.0248389
0.832123
0.000274077
0.665421
0.000253642
0.000315455
0.000301471
0.284471
9.747e-05
0.368747
0.188763
5.51857e-05
3.33247e-05
0.000112698
0.0023073
0.789793
0.866688
0.000535423
0.000245247
0.000221666
0.319224
0.19455
0.231452
0.495373
8.72827e-05
0.000224531
0.509954
0.000157352
1.95234e-05
0.00015368
0.000183896
0.718971
0.645887
0.00278025
2.07437e-05
0.328588
0.0444744
0.000140043
0.245851
0.753813
8.97072e-05
0.834678
0.448222
4.85236e-05
0.00012488
5.22528e-05
0.857854
0.00016143
0.438091
0.975013
0.0589355
1.17259e-05
8.13391e-05
0.762711
0.951942
0.377974
0.325946
0.884789
0.230064
0.000212647
0.189792
0.705238
0.488599
0.519589
0.242466
5.91221e-06
0.578214
0.42748
0.0980887
1.56812e-05
0.000407854
7.33868e-05
0.192279
0.889564
2.18404e-05
0.245621
0.274769
0.715203
0.838848
0.72
0.000881825
0.400253
9.10536e-05
0.000273544
0.589453
0.810905
0.00307708
4.19201e-05
0.000419898
2.39374e-05
0.458733
4.87724e-05
2.90648e-05
0.653825
0.927732
0.000222186
9.98148e-05
0.714462
9.98015e-05
0.000227382
1.53201e-05
0.000208368
0.531923
0.0722509
2.52326e-05
0.766138
1.48579e-05
0.000392151
4.4463e-05
0.000221425
0.762487
0.000282893
0.447786
0.939979
6.81635e-05
0.594211
0.000351992
0.000112043
0.000150886
2.72847e-05
0.456144
0.000366784
0.000205397
0.744112
0.103124
0.092982
2.95273e-05
0.000217916
0.491318
0.000325613
0.000704165
3.91151e-05
0.301489
0.000360346
4.30369e-05
0.523974
0.000113982
0.974324
0.981315
0.0632702
0.294029
0.000106329
0.477438
0.890314
0.117936
3.2159e-05
1.56537e-05
0.000111483
0.25816
0.346806
0.000206966
0.000258871
5.23686e-05
2.93822e-05
0.000763868
0.000215543
0.609091
0.11791
0.00149683
0.490446
0.406911
0.291655
0.975229
0.439883
9.31375e-05
0.000457611
0.810261
0.0301008
0.0497772
0.000200095
0.000590641
0.000328474
2.27419e-05
0.00043844
0.62179
4.35091e-05
0.000138988
0.000116098
0.000167265
0.000203931
0.000229636
0.0015749
0.416108
0.269859
0.189285
1.58843e-05
0.217444
0.831254
0.782618
0.00119892
0.000316023
0.000427794
0.0581987
0.000134666
0.693889
0.788304
0.437315
0.000283284
0.000201964
0.0899179
0.000205366
0.200061
0.000737187
0.000991996
0.000420752
0.820598
0.000200664
0.673748
0.894661
0.00124565
0.000655134
0.000123634
0.947961
0.00031518
0.000161633
0.304122
0.000105922
0.000179361
0.958083
0.000191955
0.000123368
0.909699
0.000368155
0.265432
0.351156
0.00055683
0.000111253
0.900887
0.000241418
0.987299
0.000867509
0.000381855
0.176943
0.213504
0.000696076
0.221889
0.703142
0.368024
9.35829e-06
0.000262692
7.71372e-05
0.792419
0.920684
0.352406
0.151989
7.88011e-05
0.757246
0.692084
0.519132
0.674426
0.00168076
0.921168
3.77354e-05
0.00014563
0.928668
0.0001294
0.771842
0.000291827
3.15993e-06
2.41885e-05
0.929464
0.000221362
0.00034552
0.837675
0.791832
0.000116675
0.000379987
2.31917e-05
0.378646
0.944982
0.000197436
0.0968384
0.612442
0.86868
0.351199
0.000845996
0.826651
3.80836e-05
0.22662
0.681196
0.000651576
0.77627
4.11384e-05
0.947006
0.00149244
0.956476
0.886833
0.000217864
0.000225706
0.645915
9.20625e-06
0.852628
0.000172708
0.345508
9.80817e-05
0.915458
0.000256745
0.131339
2.50981e-05
0.453888
0.577356
1.99156e-05
0.0585268
0.474545
0.000116394
0.000264688
4.46011e-05
0.000352749
0.000486186
3.41991e-06
0.000220421
0.568135
7.84029e-05
3.12202e-05
0.165069
0.000212772
0.912442
2.72029e-05
0.383525
0.0684065
9.72747e-05
5.51228e-05
0.000102995
2.69692e-05
0.185125
0.000190062
8.31264e-05
0.804752
0.851719
4.8343e-05
0.89788
0.910935
0.000440987
0.000289596
0.871642
0.0973725
8.08105e-05
0.143074
1.06561e-05
0.980899
0.00066458
0.000796363
0.000200046
0.989684
0.992461
0.0532257
7.10713e-06
0.15649
0.00011175
0.376236
0.00043923
0.274222
0.79262
0.000344774
0.989306
0.361718
0.000648286
0.000551009
0.397205
0.31486
0.696023
1.04572e-05
0.629017
0.515735
0.000123113
0.467837
0.622151
4.22408e-05
0.191195
0.3236
0.592848
2.84847e-05
0.228067
8.05794e-05
0.300667
0.000355589
3.3167e-05
0.000179037
3.78456e-05
0.925152
8.88111e-05
8.96074e-05
0.000245644
0.604852
0.000154411
0.00503694
0.91773
0.818815
2.92785e-05
6.21647e-05
0.160739
0.0898198
0.000409816
7.25206e-05
5.95871e-05
2.1514e-05
0.308598
4.69958e-05
0.403927
0.103993
0.0193477
0.140317
1.14615e-05
0.385004
0.590631
0.00157068
4.07665e-05
5.29757e-05
0.454576
6.54318e-05
0.0849775
0.000153577
6.06961e-05
0.000107641
0.000508072
2.41724e-05
0.203187
3.80865e-05
6.87168e-05
3.11586e-05
0.813483
0.677767
0.943369
0.000320784
0.000295307
0.000160062
0.000565213
0.000207341
5.18188e-06
0.000252989
0.889379
9.96645e-05
0.116639
0.00223254
4.8774e-06
0.000112154
3.46981e-05
0.000567597
0.000105794
0.000147367
0.889914
3.53423e-05
0.000109556
5.2179e-05
0.273822
1.77539e-05
0.000137443
0.154036
0.000595114
0.86398
0.907909
0.000217768
0.987673
0.976414
0.000562509
0.862461
0.990591
0.99061
0.327632
0.977265
0.859496
0.980386
0.944248
0.328134
0.561643
0.931185
0.990599
0.873635
0.8581
0.937606
0.926736
0.584427
0.945222
0.96959
0.000635942
0.0002874
0.000398929
0.0947363
0.996542
0.00025255
0.794718
0.984644
0.861469
0.000312677
5.77909e-05
0.931109
0.000386628
0.783206
0.544777
0.000526017
0.827637
4.88915e-05
0.00117508
0.00839393
0.526601
0.189681
0.00149152
5.50025e-05
0.266679
1.3016e-05
0.000130559
0.810068
0.0682794
5.24978e-05
0.000872046
0.00139236
0.509745
0.523375
0.840304
0.000119491
0.352432
0.000168982
2.09517e-05
0.0645158
0.000207559
8.09426e-05
0.8164
7.72866e-05
0.715781
0.710623
0.000310778
0.426634
0.0946949
0.961752
0.940227
0.720295
0.0808347
0.000806752
0.868026
0.842028
0.0037152
0.000106055
0.527163
0.761863
0.000110251
0.000360985
0.849956
0.00682636
0.914885
0.000216501
0.945479
0.954133
0.000418035
0.305481
0.233197
0.641789
9.22222e-05
1.54587e-05
0.000453632
0.801957
3.35502e-05
0.000244952
0.648166
0.738498
0.850646
0.818298
0.33395
0.000132615
0.814249
0.885075
0.62392
0.00110462
0.000123466
0.000492263
0.929739
0.000533705
0.745955
0.597984
0.908736
4.79778e-05
0.423153
0.00034624
0.000861181
0.000116857
1.44986e-05
0.557268
0.000623938
9.73436e-05
8.31663e-06
0.52178
0.557407
0.000131138
0.839207
0.193369
8.71625e-05
0.568709
0.500334
0.341512
0.268395
4.17844e-05
0.260147
0.395944
0.000155013
1.34641e-05
0.000236787
0.000200316
0.000316828
0.00104183
0.000102779
0.603701
3.65098e-05
0.000195393
7.06808e-05
5.60509e-05
0.000112817
1.76992e-05
0.271654
4.5881e-05
0.000250317
4.2374e-05
0.683162
0.758413
0.00569401
0.203593
0.195057
4.48909e-05
0.000108125
0.285126
0.000135005
1.37387e-05
4.11452e-05
3.89463e-05
0.599777
2.6572e-05
0.530268
0.000205951
0.573493
0.940502
0.493251
0.783157
3.1316e-05
0.973427
0.803069
0.868053
0.000191971
0.000135357
0.952019
0.000706206
3.29082e-05
0.000278752
0.888014
0.167166
0.000126175
6.52941e-05
0.68039
7.38854e-05
0.000609641
0.000299598
0.000473724
0.000138782
0.583368
1.65331e-05
1.61835e-05
0.933533
0.87071
0.978386
0.991663
0.948262
0.788827
0.106944
0.965164
0.953053
0.971187
0.882335
0.966581
0.000109496
0.995886
0.956148
0.971765
0.889377
0.878607
0.858546
0.962128
0.97222
0.288114
2.28454e-05
0.949447
0.00178912
0.886229
0.390527
0.000227753
0.900112
0.884815
0.000191609
0.334432
0.403492
0.0730206
0.000370653
0.000397545
0.265653
0.890051
0.0810595
0.0633315
0.103959
4.07469e-05
0.256832
0.991516
0.357206
0.993562
0.910496
0.000184717
0.994184
0.838698
0.994133
0.927858
0.96138
0.965702
0.964941
0.900875
0.979235
0.991689
0.000929906
0.858229
0.163725
0.446223
0.987837
0.934133
0.946882
0.915209
0.191636
0.851032
0.855875
0.9264
0.000169361
0.980567
0.848609
0.988067
0.949335
0.960355
5.21414e-05
0.716585
0.956016
0.893331
0.95994
0.828554
0.000436216
0.813018
0.000849969
0.000569917
0.000137349
0.00100859
0.000127795
0.765765
0.0918402
0.0013424
0.000233115
0.991182
0.000200981
0.00015824
1.80115e-05
0.000574026
0.000169445
0.226027
2.50239e-05
0.000132432
0.839626
0.146723
0.000135771
9.06791e-05
0.000413647
0.259503
0.000606785
0.111011
0.117161
0.725819
0.000132381
0.558998
0.151972
0.686295
0.70885
0.00020273
0.00272403
0.93715
7.60518e-05
3.10513e-05
0.000263352
0.00129015
5.99771e-05
0.00211709
0.000957822
9.42698e-06
0.921501
0.740817
0.000175212
0.547222
0.000142405
6.02364e-05
0.901944
6.4479e-05
2.59427e-05
0.0219393
1.72662e-05
0.000365407
6.68308e-05
0.829265
0.722405
6.40361e-05
1.74371e-05
0.000161548
8.16714e-05
0.61545
0.242803
0.524199
0.627
0.000128175
1.87707e-05
0.000178005
0.668684
0.88205
0.547113
1.88709e-05
0.000330299
0.000234987
0.000107156
0.000189468
0.23321
0.890837
0.809613
0.953764
0.269743
6.34139e-05
5.42177e-05
0.000608301
0.000155062
0.307531
0.19784
0.468234
0.000400292
0.867319
0.000337191
7.50081e-05
7.32495e-05
0.0281588
0.000617354
0.000123865
0.832542
0.000790876
3.17372e-05
0.000191718
0.000225307
1.0352e-05
0.819913
0.226209
0.000105506
0.000394837
0.441801
0.560296
0.00126517
0.00219854
0.000751551
0.82166
0.0624312
0.0001083
0.396193
0.000737941
0.186145
0.000512522
0.463112
3.11344e-05
3.90935e-05
0.324657
0.780251
0.498075
0.000287599
0.000130353
0.000557312
4.54022e-05
0.933103
3.10984e-05
0.492712
0.248135
6.755e-05
0.491777
0.0817599
2.17562e-05
0.000672904
1.01317e-05
0.0961404
6.49461e-05
0.961744
0.898005
0.929433
0.195136
3.45988e-05
0.789671
0.943843
0.0269247
0.447929
0.00747396
0.951195
0.000127235
0.00134874
0.98716
0.000713203
0.705848
0.908612
0.531689
0.213658
0.000242993
0.715165
0.354048
2.59443e-05
0.516541
5.87716e-05
3.28265e-05
0.000337352
0.953859
5.59813e-05
0.924584
0.000196062
0.00102866
0.0513557
0.724462
0.583929
6.65768e-05
2.90911e-05
0.928632
0.000167729
0.000198005
0.578702
2.76658e-05
0.000208114
0.000248768
2.87718e-05
0.273549
0.0708083
0.982046
0.724858
0.0770212
0.740436
0.675091
0.962605
0.15427
0.285574
0.929412
0.677398
0.672051
0.518538
0.503499
0.784397
0.277088
0.000111834
0.842366
2.49978e-05
0.204612
0.088772
0.969647
0.16398
0.943173
0.924802
0.742023
0.854708
0.460267
0.935541
0.360857
0.559663
0.767589
0.810858
0.969386
0.8723
3.41281e-05
0.724907
0.88379
0.633428
0.516552
0.000443832
0.619602
0.0736893
0.938466
0.00584939
0.606273
0.83254
0.608322
0.000925695
0.000528427
8.73817e-05
0.614404
0.70274
0.807244
0.000158375
0.000533197
0.833124
3.07653e-05
0.000312842
0.000799358
0.00128385
4.50398e-05
0.000541838
0.000213887
0.235965
5.29603e-05
9.19474e-05
0.000170647
1.82554e-05
0.00029534
0.965322
4.54111e-05
0.000447698
0.185787
0.000184202
6.80145e-05
0.000610397
0.854617
0.408966
0.000468653
0.00022617
0.000815806
0.000307704
0.800379
0.000987744
3.34283e-06
5.7235e-05
0.772378
0.671692
0.000160847
0.000119207
0.888408
0.168365
0.802802
2.44347e-05
0.000663543
0.000109491
0.000105902
0.854221
0.00110536
0.172928
0.00013474
0.584052
0.544266
9.08603e-05
4.49349e-05
0.000790029
5.34142e-05
4.4759e-05
0.603363
0.0496596
0.601822
0.254938
5.01762e-05
0.000299403
0.251451
0.330253
0.000324352
0.000177098
0.784058
0.000373986
0.000179467
0.187844
3.99827e-05
0.000158288
0.000502446
0.000220521
0.54924
0.000109166
1.52858e-05
0.592881
0.000164255
0.271324
5.94677e-05
0.905363
0.000161209
2.87313e-05
0.000998805
3.25206e-05
0.40966
0.509572
0.000362135
0.188144
0.636685
0.650841
7.47464e-05
0.955307
6.20844e-05
0.300049
0.000124993
0.000704167
0.972521
3.94737e-05
0.6592
0.806636
0.00012147
0.558403
2.24755e-05
3.66285e-05
0.843556
0.000301439
8.72366e-05
0.000371393
0.0515115
0.0011202
0.000455395
2.48817e-05
5.82189e-05
0.000470465
6.13574e-05
0.000162624
0.000227743
0.433168
0.759835
3.82589e-05
2.09428e-05
0.596014
0.000157137
0.252916
0.283175
0.000437689
1.72714e-05
0.804213
0.000135368
3.6395e-05
1.38889e-05
0.506198
0.00011039
9.47885e-06
0.000666627
0.659673
3.71346e-05
0.000311722
0.00125654
0.000557388
0.262538
0.000143119
0.000269621
2.79156e-05
4.26338e-05
0.420245
0.179366
0.274114
1.393e-05
0.380836
0.282025
0.0959786
0.000123249
0.240704
0.461556
8.06474e-05
0.000170632
0.814739
0.240032
0.906693
0.000220857
0.793768
0.0929409
0.000666446
0.601902
0.00059368
0.000367624
0.583398
0.000312239
0.00145371
0.0012941
0.000111186
0.004273
0.325611
0.000124534
0.511775
0.00207822
0.000219392
4.39434e-05
0.132814
0.633379
0.00119822
0.000243147
0.940166
0.883749
0.000148018
0.943408
0.000180967
0.517022
0.846486
0.00021473
0.000635726
0.000289286
0.955478
0.915734
0.000884227
0.593058
0.783594
0.000537803
0.00214191
0.0849941
0.000240008
0.704998
0.943211
0.00127775
0.33103
0.231074
0.000242599
1.74844e-05
3.78017e-05
0.00114559
1.58633e-05
0.830795
0.0818685
0.941564
0.286599
0.000482922
0.977693
0.000320457
0.00478518
0.000770146
0.00110887
0.546301
0.838995
0.828672
0.670227
0.000191078
0.000435284
0.831219
0.000990427
0.000238346
0.858547
0.333637
0.0140343
0.283206
0.612819
0.00111842
0.583311
0.000155914
5.02594e-05
0.493914
0.00011498
0.919075
6.30341e-05
0.00107609
8.42037e-05
8.92547e-06
0.000504618
2.78751e-05
0.000656941
3.8979e-05
0.000143677
0.000130367
0.000200028
0.000168297
0.000305684
0.951616
0.000156689
0.000336147
0.784755
2.12034e-05
0.986893
0.000117401
0.274579
0.000686865
0.000176417
0.925545
0.833154
0.970894
0.000108383
0.000694148
0.516522
0.000413667
0.775757
5.48752e-05
0.459239
0.000837628
0.630977
0.000107575
0.647111
0.000304614
0.0568199
0.000443499
0.348776
0.618092
0.000114802
0.000157697
3.29917e-05
0.00074127
0.209113
0.462709
1.78794e-05
0.537958
0.407856
0.703488
0.000107982
5.09481e-05
2.9183e-05
8.37435e-05
0.258254
0.000216075
0.483537
0.943398
0.000156877
0.811801
0.169708
0.0710806
0.000643257
4.27244e-05
0.0050762
7.96343e-05
0.00013846
0.000105476
0.350096
0.404556
0.205015
0.000851214
0.47963
6.63209e-06
0.00740988
0.501244
0.00012987
0.000147087
0.000190537
0.000124925
0.000105188
0.000166985
0.000425701
0.000237368
0.243013
0.603318
6.08214e-05
0.640126
6.06629e-05
0.842909
0.710197
0.000563433
0.000169384
8.50094e-05
0.220547
0.249611
0.513696
0.242583
7.33449e-05
0.0631995
0.000126778
0.028473
0.000435079
0.638277
0.354774
9.94929e-06
0.784291
8.15806e-05
0.701341
0.11906
7.01765e-05
3.30418e-05
0.000156039
0.317508
0.930874
0.000195042
0.117113
0.898411
0.623336
2.41985e-05
0.62139
0.000209382
0.46154
0.000150974
0.00980947
9.43731e-06
2.96232e-05
0.000145645
0.000699735
0.00029637
9.52853e-06
0.898529
0.582306
2.85101e-05
1.42154e-05
8.16404e-05
0.000133326
2.56746e-05
0.126463
4.16342e-05
8.85306e-05
0.000508828
1.63171e-05
0.000286142
0.123427
2.75469e-05
0.859564
0.000191402
0.386409
0.0843943
5.70973e-05
0.00923263
0.364226
0.943997
1.7523e-05
0.00121596
0.926249
4.696e-05
0.152014
0.0454579
9.75282e-06
0.00027995
0.00018857
0.169719
0.0551268
3.76288e-05
0.245266
0.000748088
8.39242e-06
0.000191666
1.80112e-05
3.01739e-05
0.476754
2.79917e-05
0.454389
0.21357
0.659359
0.229843
7.91047e-05
0.724536
0.000171062
2.42949e-05
4.0021e-05
0.000125193
0.985692
0.000599594
5.59228e-05
0.000512233
9.58302e-05
0.941063
5.58714e-05
3.19035e-05
7.48583e-06
0.482813
0.0311374
0.00011513
0.429186
0.000276665
0.801923
0.874388
0.971091
0.771728
0.525216
0.345833
0.887477
0.351515
0.000682526
0.835497
0.00010882
0.901538
0.00129716
0.845571
0.000936729
0.614945
0.00530404
2.64322e-05
0.880049
0.319935
0.380996
7.65043e-05
0.682056
0.717891
0.601695
0.000106989
0.463374
0.389362
0.000225122
0.000148087
0.000113382
3.77378e-05
0.143084
0.952008
0.0287934
0.935477
0.760039
0.000221064
0.000162894
0.870065
0.501074
2.93074e-05
0.775357
4.15682e-05
0.359534
0.103959
0.000390162
2.76608e-05
0.880862
0.853791
0.000534838
0.101568
9.52199e-05
0.000190013
0.338379
0.5915
0.993121
0.96035
0.000112241
6.44049e-05
0.000119516
0.00018763
0.850582
0.128931
3.36279e-05
0.000244977
0.68456
0.00365637
0.642841
0.429253
0.000335759
0.264732
4.58372e-05
0.000659354
0.616306
3.8971e-05
0.245382
5.90264e-05
0.719792
4.09432e-05
0.912646
9.49193e-05
0.805957
0.808708
6.5873e-06
0.979275
0.665131
0.613819
0.746478
0.673129
0.000572889
0.0545388
0.854885
0.702091
0.145268
0.897058
9.22979e-06
7.28e-06
5.15538e-05
7.27105e-05
0.40141
5.0077e-05
0.935295
6.7216e-05
0.000795861
0.153221
0.000136173
0.621978
0.857417
0.0370067
0.000228946
0.000154191
0.291465
0.945882
0.422284
6.59782e-05
0.000765194
3.57097e-05
8.92913e-05
0.000206544
0.954017
7.38407e-05
5.57644e-05
0.210039
0.949674
4.70921e-05
0.945264
0.837868
1.45575e-05
0.00013481
0.232872
5.14486e-05
0.90461
9.96124e-05
0.81892
0.00265753
0.000613895
0.914789
0.878999
0.95147
0.277642
0.885788
0.510689
0.977773
0.928149
0.795482
0.859776
0.808043
0.925837
0.498982
0.795211
0.000309744
0.000156696
0.000990843
6.61485e-05
7.78163e-05
0.000121982
0.628716
0.000153721
0.969727
0.19932
0.00119264
0.002428
0.909322
0.247726
9.29851e-05
8.29507e-05
0.000706391
0.384135
0.928672
0.507525
0.00116693
0.356663
0.318684
0.745608
8.03398e-05
0.000124962
0.791101
0.00229934
0.00168562
7.69854e-05
0.000185918
6.26826e-05
5.03396e-05
0.000322872
0.280741
0.937209
0.789617
0.276905
0.773615
2.71104e-05
0.000109326
1.35533e-05
0.000110289
0.00040033
2.01651e-05
0.000140426
1.46364e-05
4.24234e-05
0.000216267
0.735197
0.000113249
0.106892
0.717005
0.000124519
7.44675e-06
4.46823e-05
0.467912
0.000160114
4.35705e-05
0.00110661
0.705553
6.98756e-05
6.14345e-05
1.04858e-05
0.592732
0.517109
0.000475385
3.39366e-05
0.602172
0.000104472
9.5843e-05
0.000330721
0.000108646
9.72323e-05
0.000273553
0.205144
0.407819
0.599219
0.662171
0.000150998
2.10874e-05
0.968888
4.96866e-05
0.289685
0.707948
0.00083637
0.000444528
2.69135e-05
0.11111
0.251092
0.00187759
2.8606e-05
3.71549e-05
0.573285
0.365989
0.213393
0.00054461
0.00199742
0.334053
1.14474e-05
0.982028
0.466672
6.53096e-05
0.000229619
6.77173e-05
0.758939
5.67235e-05
4.33945e-05
5.49731e-06
0.00022559
0.330559
7.06102e-06
0.16171
8.27666e-05
7.54934e-05
0.805067
0.000109742
3.08494e-05
3.9097e-05
0.791301
0.000426828
0.304226
0.219297
0.000229735
0.465559
0.0350021
0.770688
0.000132696
0.779809
3.56044e-05
0.000101226
1.91864e-05
0.343334
0.158942
0.000142456
4.28856e-05
0.514791
0.000450131
2.05335e-05
0.000205298
6.1747e-05
0.000163443
8.88241e-05
0.404455
0.725221
0.322058
0.943529
0.0667475
0.927528
0.842743
8.53592e-05
4.87579e-05
0.279887
4.40278e-05
0.943219
0.000186922
0.938921
0.790241
0.64883
0.773608
0.62984
0.431645
6.56877e-05
0.000474315
0.906484
0.939096
0.936542
0.00094218
0.955144
0.113048
0.170358
0.000400292
4.98047e-05
0.324773
0.00696856
0.80038
2.57181e-05
3.99046e-05
1.84062e-05
0.000308648
5.87307e-05
0.000120909
0.000542664
3.79566e-06
7.59727e-05
0.000782737
1.8635e-05
5.24873e-05
6.99381e-05
0.000453605
0.545255
0.64326
0.000666453
0.00121074
0.000166538
6.30102e-05
3.02033e-05
0.00011408
0.433368
0.927814
0.634117
0.000124656
0.000738536
0.859934
9.60171e-06
0.85736
0.783784
0.647253
0.0646192
0.870866
0.94852
0.289898
0.000602187
0.770345
7.74908e-05
0.473911
0.000680275
4.77088e-05
7.47395e-05
0.094757
1.72186e-05
0.000286056
0.20895
4.86559e-05
0.25895
0.486921
0.502029
0.000175476
0.000347393
0.000576821
0.295599
0.000576429
0.962333
0.000850316
0.304574
0.000114569
0.994614
0.00443809
0.853887
0.563503
0.000447825
9.94442e-05
0.00210191
0.713077
0.960734
0.825597
0.000377011
0.929552
0.000205948
0.440993
0.000277716
0.000345535
9.35196e-05
0.683539
0.000516495
0.000533436
0.539279
0.00111628
0.823964
0.000200334
0.547733
0.000312927
0.000222501
0.954127
0.000258665
0.350249
0.575875
0.000423064
0.000832722
0.574816
9.77228e-05
0.000593119
0.968248
0.000819881
0.61514
0.00047495
0.978033
0.000234485
0.00010025
0.92608
0.000173316
0.158872
0.000128377
0.688994
0.000120357
0.359616
0.627924
0.725847
0.766368
0.533166
0.000990354
0.675071
5.04995e-05
0.735764
8.94809e-05
0.000371927
0.694743
0.000212741
3.04651e-05
0.000141754
4.09749e-05
0.000402439
6.11898e-05
0.770833
1.38268e-05
0.928407
0.151035
0.449626
0.519415
0.521503
0.522511
0.11712
0.925588
0.811359
0.964158
0.000677732
0.855905
0.96131
0.55977
0.949348
0.114971
0.000926435
2.69873e-05
0.266847
0.000564209
0.684363
0.362517
0.000305908
0.954475
0.624811
0.799801
0.540858
0.000349688
0.145791
0.000186747
0.977888
8.31732e-05
0.00047111
0.283105
0.000185102
0.646785
0.980049
5.52237e-05
5.97525e-05
3.42701e-05
0.500697
0.90616
0.000310083
8.07643e-05
0.896614
0.000687531
9.30008e-05
0.997995
0.899225
0.000131699
0.998118
0.983583
0.955474
0.935161
0.00488455
1.32945e-05
0.955287
0.47108
0.50528
0.736373
0.000336234
0.000185908
0.000477376
9.2671e-05
0.994501
0.206469
0.875928
0.000383765
0.848773
0.966867
0.000961536
0.825636
0.82898
0.618827
2.02885e-05
0.43063
0.967974
0.883578
0.884154
0.898205
0.00022
0.419305
0.000141622
0.305167
0.954227
0.717278
0.962623
0.911303
0.000461772
0.680081
0.898279
0.805802
0.000694587
0.634954
0.580036
0.000140143
0.000105558
0.475181
0.501543
0.000106937
1.23344e-05
0.00100732
8.73292e-05
4.56649e-05
0.000147329
0.000945111
0.000315858
0.956529
0.00062701
0.327682
0.000765333
0.00133665
0.0162194
0.967627
0.000907194
0.966432
0.621047
0.000873666
0.00035702
0.000755555
0.963646
0.280521
0.647367
0.963987
0.542963
0.903226
0.000209155
6.07474e-05
5.75397e-05
0.000207868
0.858328
0.000141889
0.338375
0.000323228
0.00341883
3.43595e-05
1.04634e-05
2.00781e-05
0.307219
6.13417e-05
0.914983
0.889876
0.335201
6.42441e-05
0.626486
0.752726
0.345257
0.743598
0.000381107
3.61476e-05
3.52094e-05
0.741425
0.000838868
2.36237e-05
0.000298615
0.276453
7.57336e-06
0.791936
0.322363
1.04374e-05
8.28351e-05
0.000251374
3.32759e-05
0.215477
7.78672e-05
4.18086e-05
0.000202034
0.583109
0.35081
0.21312
3.01596e-05
0.624471
4.31682e-05
0.41097
0.776732
6.71101e-05
0.833736
0.00118355
0.000153327
0.880367
0.464272
0.896343
6.93203e-05
0.987274
0.952297
0.000220697
0.720957
0.279869
0.284297
6.02142e-06
0.912325
0.000132436
6.74049e-05
6.95073e-05
0.000267638
8.09162e-05
1.95512e-05
0.000130135
2.22781e-05
0.000248359
0.000271757
0.0446744
0.96975
0.000664259
0.000143765
0.00100116
0.390962
6.10689e-05
0.00209665
0.893823
0.972763
9.58239e-05
0.000111163
0.492244
0.897968
0.952041
2.14546e-05
0.000225416
5.08796e-05
0.000146867
0.654912
0.000259198
0.88582
0.910932
0.279181
0.157837
0.905788
0.000270186
6.90994e-05
0.287392
3.94797e-05
0.684757
7.00621e-06
8.67902e-05
7.87687e-05
0.000247779
1.62055e-05
0.000586992
3.22361e-05
0.681155
0.146147
0.936579
0.918325
2.31457e-05
0.762803
0.87241
0.235619
0.989469
0.988092
0.535126
0.700297
0.813001
0.78328
1.79855e-05
9.23042e-05
0.883175
0.000276921
0.296994
0.953699
0.950971
3.71215e-05
0.760307
0.997572
0.974666
0.946382
0.917801
0.981387
0.804798
0.962686
0.00181619
0.850809
0.876015
0.797657
0.886295
0.935873
0.780154
0.92626
0.906517
0.991723
0.103534
0.94835
0.00195578
0.865198
0.349721
0.440046
0.75588
5.83283e-05
0.00175094
0.00024065
0.0043254
0.000985674
0.00188289
0.000327498
0.00336009
0.000568705
0.88
0.895923
0.000689969
0.000295558
0.647649
0.864903
0.00102247
0.0036419
0.000187416
0.912729
0.000763192
0.000646771
0.263648
0.431856
3.942e-05
0.000734986
0.831663
0.267945
0.000549085
0.000135424
0.000191433
0.000472769
0.652877
0.356523
0.832187
0.000582477
0.000105351
0.889851
0.000145471
0.269363
0.000611948
0.000118224
0.70809
0.515246
3.46831e-05
0.829123
0.759547
0.000624849
5.09033e-05
0.000691136
4.28303e-05
0.18576
0.911048
0.000246777
0.559852
1.87164e-06
0.0010929
9.07042e-05
0.00373991
1.72497e-05
0.000498833
2.15929e-05
0.000800006
0.000346112
0.000250205
0.139602
0.00062294
2.56327e-05
0.250544
0.00444853
6.15479e-05
0.698788
0.299844
0.471081
8.32651e-05
1.86532e-05
0.161244
0.000214235
0.00148185
0.000223694
0.7009
0.482863
0.278352
5.23156e-05
0.650834
0.000564387
7.09551e-05
0.000237818
0.000409209
0.158278
0.000106345
0.676977
4.05485e-06
0.108568
0.758295
0.000964024
0.000117067
0.661919
0.388634
0.000112495
0.616492
0.75278
0.714582
0.00169789
0.54047
0.000392795
3.20174e-05
0.470221
0.871835
0.000827894
0.615264
6.55097e-05
8.70051e-05
0.00159489
0.967667
4.14066e-05
0.000992672
0.000276691
0.00561734
0.000334949
0.000614472
0.346349
0.000576757
7.70887e-05
0.75886
0.0737824
0.10529
0.339966
0.0002725
3.34521e-05
0.917917
0.000117436
0.726772
0.000227953
3.29723e-05
0.000444057
0.000145307
0.000111365
0.000202358
0.713526
0.000109282
0.752411
0.979354
0.936764
0.000265715
0.00034033
0.881902
0.861618
0.133607
9.62294e-05
0.929311
0.564771
0.778856
0.000227937
1.36819e-05
0.800361
0.186877
0.414442
0.124816
0.000529285
0.771288
0.55306
0.466033
0.000129073
3.49255e-05
0.000200861
0.000247616
0.00302893
0.831187
4.34056e-05
0.000308392
0.000629463
4.55208e-05
0.000119321
0.0375385
0.352522
0.196585
0.000339356
0.000265349
0.000121841
0.0014504
2.82759e-05
0.000131184
0.131558
0.151857
0.886579
0.271898
0.000192477
0.622068
0.16167
0.814947
0.148489
0.514818
0.136236
5.23677e-05
0.145528
0.414902
3.53024e-05
4.251e-05
0.873419
6.2247e-05
0.242985
0.000254568
0.860476
0.60213
3.02177e-05
0.875115
0.875371
0.675695
5.93923e-05
1.33453e-05
0.816769
0.49082
0.684885
0.000346279
0.000174137
0.000352636
0.059269
0.000406989
0.000522882
0.00012406
0.000447498
0.353609
1.43687e-05
9.47758e-05
1.16825e-06
0.000218723
0.000572868
0.0956113
5.57004e-05
0.00184885
0.126612
0.000452903
0.87961
0.000115625
0.000138368
0.000207481
3.99455e-05
8.72861e-05
4.7922e-06
0.0357423
1.79345e-05
0.575807
0.5128
0.804594
9.67164e-05
0.172636
5.63835e-05
0.107396
0.938142
8.20369e-05
0.00478458
0.000135913
0.177909
0.206146
0.326504
0.000109676
2.12333e-05
0.000835177
2.3494e-05
0.410562
5.96964e-05
0.00014971
0.0626771
0.482403
0.000236128
0.134546
0.000346744
7.25659e-05
2.61385e-05
0.155167
0.000296333
6.54852e-05
0.000257183
0.0994383
0.557742
0.888076
0.47655
0.000307381
0.985557
0.634307
0.00011053
0.211931
6.70365e-05
0.929211
9.92511e-05
0.116352
0.270133
0.360804
0.367075
0.231111
3.98723e-05
0.290682
0.0947375
0.000226843
0.000123711
0.749496
7.3336e-05
0.521056
0.000129837
0.090636
6.77827e-05
0.000119996
0.213904
2.47967e-05
0.000627767
4.27675e-05
0.197091
3.43337e-05
0.315315
7.7025e-05
5.34104e-05
0.384215
7.83477e-05
1.65334e-05
0.00057374
0.29725
0.58953
0.000135168
0.000330785
0.000216114
0.108877
0.38072
0.564246
2.28839e-05
8.09307e-05
6.516e-05
8.00614e-05
0.000142643
0.00118158
0.432824
5.65268e-05
1.78463e-05
0.00105505
1.80008e-05
0.124751
0.00010015
0.692332
0.908174
7.5771e-05
1.56588e-05
0.860037
0.0264282
0.470133
0.333271
0.442772
0.0754804
3.70535e-05
0.000175934
0.000223263
0.000334605
0.000260848
0.871715
0.62747
0.532521
6.87195e-05
2.04857e-05
0.494133
8.43542e-06
1.58458e-05
0.000688069
4.45079e-05
0.000125987
6.08213e-05
0.490191
0.373778
0.0788219
0.0002669
0.229457
0.601151
0.688966
0.285384
0.59835
4.59094e-06
0.0436542
0.125904
8.25064e-05
0.000926142
0.300212
1.97833e-05
4.05835e-05
0.140787
2.78058e-05
1.94848e-05
0.193664
0.889259
9.33829e-05
0.4871
0.588685
0.167408
0.631066
0.984559
0.970346
0.794972
0.000348484
0.000100944
0.00461073
0.914493
0.0720177
0.000233237
0.888087
0.86292
0.738827
0.536768
0.000954611
9.5158e-05
0.904216
0.00184071
0.993052
0.0341451
0.000667264
0.00985278
6.42725e-05
0.0715487
0.181684
2.51483e-05
0.115035
0.926995
6.98962e-05
0.000304508
0.972988
0.929897
0.978905
0.597972
0.377482
0.998768
0.789655
0.000105693
0.000137877
9.31074e-05
9.62719e-05
1.40687e-05
0.000203711
0.0781335
0.986019
0.000152044
0.73859
0.000385202
0.925678
0.000827068
0.000135581
0.0028014
0.000129084
0.000568297
0.618225
0.000617459
7.52791e-05
0.463669
0.611757
0.000139805
0.000240322
6.13307e-05
0.462636
0.837034
0.000233018
1.01705e-05
0.907258
2.06046e-05
0.370701
0.656053
0.410281
0.860053
7.99257e-05
0.694998
0.235462
0.889241
0.622864
0.239877
0.932427
0.113689
0.00157865
0.000184085
0.000255019
0.000504409
0.889061
0.96479
5.78981e-05
0.93102
0.988393
0.481201
0.000309172
0.488026
0.769654
0.484131
0.246868
0.632453
0.0940274
0.000215795
0.000660617
0.432956
0.141484
0.00019895
5.55555e-05
0.0625785
0.197033
0.925032
5.71282e-05
0.000305658
0.359665
0.772235
0.000202559
0.000959259
0.165963
0.00302062
0.614467
0.000101168
2.31125e-05
0.147867
0.000265921
8.55148e-05
0.13874
0.043005
0.717418
0.544622
3.07994e-05
0.917385
6.15915e-05
0.671877
0.241636
0.276782
0.000280514
0.741526
0.125973
0.839844
0.000396645
0.000633682
0.926512
0.177892
0.0873197
6.6477e-05
0.000416588
7.3882e-05
2.93853e-05
0.190521
0.161658
3.25589e-05
3.86361e-05
0.882774
0.272607
0.000368666
0.00107454
0.663051
0.112169
3.55745e-05
1.91959e-06
1.87433e-05
4.48164e-05
0.56455
0.812819
0.928074
0.000273453
4.39782e-05
3.31855e-05
5.30345e-05
3.65705e-05
0.000161971
0.00231439
0.000129149
2.7065e-05
0.000168512
0.117047
0.491509
0.274727
0.000137561
0.000160564
0.54524
2.25872e-05
0.00018356
0.128127
0.000105894
3.7472e-05
0.000111106
7.21859e-05
0.000247856
0.000168182
0.0587601
8.61848e-05
0.00202547
0.417148
0.000877149
0.000502789
0.448512
0.00462455
7.96859e-05
0.432329
0.498597
0.000244545
6.31855e-05
0.000311985
5.50307e-05
0.415154
0.00011458
0.000177418
0.400361
0.882353
3.08677e-05
0.000139407
0.764355
0.90861
9.55765e-05
0.44425
0.79188
0.229173
5.52441e-05
1.16336e-05
4.40516e-05
0.702268
0.818278
0.000154732
0.258349
0.000264426
5.60568e-05
0.782605
0.161907
3.68767e-05
4.0555e-05
0.000294466
0.842906
0.373661
0.000193643
0.975382
0.943283
0.979687
0.950619
0.894417
0.000166454
0.813478
0.966752
0.907197
5.12731e-05
0.000808251
0.90306
0.130869
0.733901
0.00105326
0.725214
0.000537941
0.896442
0.553425
3.70041e-05
0.656595
0.000121072
0.993727
0.628646
0.993529
0.984824
0.843102
0.000378421
0.86615
1.29379e-05
0.000367529
0.689866
0.000430119
5.86153e-05
0.751068
0.403822
0.00455227
0.448677
1.13675e-05
0.917282
0.188239
0.843183
0.000196592
0.436243
0.66535
0.00282918
0.000933587
0.741982
0.000635889
0.000926752
0.00227997
0.000174154
0.000364687
9.88995e-05
0.549827
0.813446
0.332445
0.690991
0.0715788
0.205549
3.83036e-05
0.000201089
0.000667662
0.000240072
0.1254
0.000390395
0.0208298
0.149252
0.000160893
0.54522
0.955015
0.757935
3.39993e-05
0.000139647
0.694317
0.000190046
0.000548397
0.000569117
0.000243871
0.415959
0.947208
8.14221e-05
0.790146
0.843406
0.823619
0.000319995
9.09243e-05
0.151903
2.04535e-05
0.000112733
0.587178
0.854879
0.143991
0.716377
0.547566
7.47915e-05
0.945475
0.172801
0.878566
0.487188
0.000120887
0.000317236
0.665174
0.625763
0.000381879
0.795663
0.71497
0.58357
0.408714
0.000470298
0.00173554
0.00243249
0.509221
4.48013e-05
0.000342347
8.11011e-05
0.29384
0.915925
1.66341e-05
0.000334111
0.649771
0.730978
4.05827e-05
0.000301212
0.000203019
0.000117443
8.93059e-05
0.000128488
0.000133603
0.000580406
2.97266e-05
0.00054884
0.000200868
0.00028949
2.40256e-05
2.46314e-05
0.742842
0.000154142
0.902931
0.351377
1.58397e-05
2.70397e-05
0.000306161
0.770163
0.000136008
0.24908
5.59046e-05
0.496087
0.5827
4.864e-05
0.000459714
0.000512493
0.423812
6.80672e-05
0.000920073
0.514477
0.814389
0.523281
6.90621e-05
0.62479
6.29012e-05
0.000486753
4.4106e-05
0.000107239
0.110061
6.52092e-05
0.754198
0.118422
6.66995e-05
0.117679
6.01298e-05
8.13233e-05
0.950298
1.44363e-05
0.880877
3.10533e-05
0.000155398
0.24044
0.0750133
0.000279648
0.0149755
0.000230314
6.70307e-05
0.0282878
0.000269982
8.73091e-06
3.2909e-05
0.463486
0.299693
9.52645e-05
0.000122953
0.4114
5.64381e-05
0.817586
0.897065
0.000300231
0.000712718
0.439453
0.00034984
0.000136096
0.143553
0.0546606
0.214727
0.190344
0.00024011
0.0001463
1.62238e-05
1.98396e-05
8.4849e-05
0.242054
4.68748e-06
1.94913e-05
0.000429418
0.000133334
2.22769e-05
4.62688e-05
0.802386
1.65257e-05
6.99487e-05
0.300333
0.000168136
0.000830735
0.0013059
2.17962e-06
9.72805e-05
0.393996
0.000359465
6.2997e-05
0.528339
6.46591e-05
0.00287197
0.000294247
0.0141229
0.293214
0.000509988
0.304648
0.770953
0.000558733
9.01494e-06
0.558428
0.000233095
0.829297
5.69153e-05
0.42282
0.121955
8.97807e-06
0.865024
0.00105087
0.819362
8.35968e-05
0.311004
0.0724915
0.195975
4.02141e-05
0.239555
3.54103e-05
0.699727
5.97682e-05
0.653019
6.833e-06
3.74996e-05
4.26382e-05
0.000245122
0.000749144
0.580136
0.000157567
0.00015148
3.67483e-05
0.000104332
2.27185e-05
0.0934515
0.000232923
8.2772e-06
0.162346
0.621963
0.00138477
2.06555e-05
0.0277446
4.33334e-05
0.410951
9.50991e-05
0.000454979
0.613045
3.27516e-05
0.000224518
0.54959
0.000108062
0.000102687
0.00101731
5.64964e-05
0.000121187
0.000187816
0.000892216
0.0325629
5.46438e-05
0.670561
0.731253
0.000170132
0.000914861
0.000113363
0.000115044
0.861305
0.154203
0.264344
1.36822e-05
1.04761e-05
0.083381
0.0779033
5.96482e-05
2.77176e-05
0.138563
0.199069
0.000287404
2.81169e-05
0.632805
1.55859e-05
5.86161e-05
0.677851
0.171362
0.000514469
0.0580523
0.944472
0.846662
0.540493
0.000181594
0.0659484
1.50674e-05
0.0113156
0.33967
1.06712e-05
0.000285173
0.000300835
0.853012
0.000298711
0.915241
0.541269
0.000231177
0.558913
0.876842
0.000464565
0.561206
0.244785
0.000185124
0.817024
0.301244
0.801015
0.368748
0.470195
7.13927e-05
9.91408e-05
0.280115
0.889505
0.178509
0.000312002
0.000222132
3.7189e-05
0.507064
0.000744706
0.00020101
0.768938
0.000361106
0.834013
7.38503e-05
1.32006e-05
0.303374
9.13924e-05
6.2018e-05
0.573556
0.268236
2.12254e-05
0.172018
0.00216635
0.402755
0.000105327
0.238511
0.941558
0.802646
0.123245
5.66499e-05
0.781797
0.339923
0.000116079
2.0562e-05
7.35799e-06
6.59342e-05
0.921152
3.01161e-05
0.000399947
0.000492465
0.951648
0.759454
0.447599
0.360705
0.00010017
0.619731
0.117885
0.000176412
0.824303
0.000559129
0.000330664
0.00013129
0.888843
1.94561e-05
0.845208
0.405465
0.0034015
0.929615
0.00064676
0.838465
0.550438
0.81281
4.34529e-06
0.642772
0.641785
0.000417178
0.000239137
2.288e-05
0.692061
0.000205647
5.85243e-05
0.844126
0.205944
0.00121734
0.000292609
0.545954
0.956238
0.000346349
0.585706
0.478867
3.62342e-05
8.13815e-05
7.67963e-05
5.29636e-06
0.786974
0.000464892
0.000191167
4.88869e-05
6.17807e-05
0.222806
0.00018018
0.000109158
3.62194e-05
0.814605
0.783124
1.67438e-05
0.927167
0.00193748
8.07886e-05
0.288158
0.694843
0.707595
7.19909e-05
0.919143
0.949148
0.567378
0.000355861
0.000142777
0.259465
0.790779
0.979083
0.787016
0.468861
0.000132526
0.000128508
0.000641338
0.567177
0.000378818
0.0200151
0.530321
0.902854
0.603605
0.000641109
0.817492
0.678591
0.251887
7.15227e-05
6.94405e-05
0.240476
1.01895e-05
0.000357381
0.000242087
0.000133789
0.739985
0.000759437
0.856373
0.000157774
0.000432815
0.000609239
0.00045416
0.000255093
3.05821e-05
0.801419
0.761214
9.50077e-05
0.743959
0.000228115
0.000250719
0.000206245
0.000129319
0.000203304
7.48996e-05
0.968542
8.97191e-05
0.942521
3.51612e-05
0.715739
0.222141
0.000711895
0.000102828
0.239211
0.000221688
0.688036
0.0001269
5.04592e-05
0.956289
0.971203
0.000738662
0.00057366
0.69568
0.323665
0.000319923
0.939972
0.63193
7.23022e-05
0.959939
0.86468
0.117038
0.874425
0.971874
0.786931
0.000846431
5.91661e-05
0.664831
0.161584
0.707689
5.6517e-05
0.000408858
8.26364e-05
4.32763e-05
0.335772
0.120654
0.108174
5.32688e-05
0.000432633
0.621705
0.39724
0.000375704
0.655805
1.37003e-05
0.243095
0.413822
0.00099271
0.563747
5.52158e-05
0.000191034
0.0687362
0.524918
0.947339
0.663955
3.09561e-05
0.0773302
0.341156
0.509938
0.787129
0.000382188
0.000364537
0.000576193
0.000427339
0.480306
6.46902e-05
0.349181
0.967663
0.109803
0.209727
0.590774
4.66292e-06
0.00148644
0.000173476
0.00162787
0.000119381
0.00061921
0.461189
0.748502
0.908592
0.523209
0.781987
0.404511
0.579993
0.885414
0.000327111
0.466627
5.11105e-05
0.00109647
7.03187e-05
1.68448e-05
0.526559
0.676523
6.87799e-05
7.69448e-05
0.702707
0.000570082
0.0692
0.000142279
0.0319369
0.895741
0.608658
0.000894233
0.84148
0.00188263
9.00223e-06
4.49658e-06
0.588985
0.385819
0.317539
0.962131
0.37836
0.950997
0.908756
0.425892
0.910143
0.489381
6.11863e-05
0.848937
2.65581e-05
0.228043
0.000290791
0.913163
7.99183e-05
0.211532
0.524592
0.000218215
8.9218e-05
0.787068
1.74946e-05
0.000373525
3.70218e-05
0.00023435
1.93972e-05
0.789392
0.000123005
0.934147
0.560646
0.000964583
0.000151899
0.862894
0.00201714
0.647697
0.772299
0.46834
0.326419
0.647669
1.85273e-05
0.000330661
0.00026938
1.70762e-05
0.861522
7.58354e-05
0.794336
0.800806
5.29511e-05
0.000514214
0.000157355
0.18471
0.920959
0.0330618
0.000300223
0.136131
0.000534541
0.000324288
0.000217408
0.705443
0.138785
7.97943e-05
0.158903
0.890215
4.3326e-05
0.312095
7.74364e-05
0.150117
0.541923
0.000345244
0.000218498
0.046055
0.000114303
0.228541
0.784046
0.977747
0.631845
0.428987
9.17225e-05
0.848626
0.000107943
0.000115628
0.0506158
0.480878
0.92297
0.832188
0.00107724
6.37107e-05
0.000439756
0.900306
0.660072
1.49972e-05
0.762933
0.784398
2.02354e-05
0.000102322
0.808313
0.000549357
0.000207071
0.217477
0.000136922
0.00181099
0.769399
0.74044
6.70628e-05
0.000121175
5.64894e-05
0.711248
0.00112945
0.00014236
0.000116121
0.679795
2.06e-05
0.581268
9.50396e-05
0.479123
0.714066
2.3481e-05
0.544126
1.42073e-05
0.400808
0.385495
0.000143545
0.000177138
4.81799e-05
0.316457
0.000908926
0.800085
0.761301
1.99381e-05
0.000435387
0.000113975
0.000412454
0.217377
0.495697
0.000136061
0.0634708
0.954673
0.773555
8.22609e-05
0.145252
0.610752
0.222163
0.471105
0.835109
9.52637e-05
0.159844
8.02987e-06
3.14794e-05
0.000774691
0.000268105
0.416239
0.000224133
7.77018e-05
0.000276975
0.0051525
0.951307
8.33024e-05
0.759461
0.407256
5.12031e-05
0.00189127
0.000144518
0.857623
4.24008e-05
0.000205218
0.79119
0.000219621
8.38487e-05
0.000567048
0.134176
0.682567
0.385173
0.134096
0.00012652
0.606285
0.10704
0.854176
0.699674
0.0019498
3.46842e-05
0.501317
0.0483456
7.85943e-05
0.000161233
6.22581e-06
0.000139018
2.84825e-05
0.000205418
7.91991e-06
2.71162e-05
8.65159e-05
8.52796e-05
0.000328214
0.000145083
0.11145
0.000354574
0.654037
0.000313846
0.00283391
0.343154
0.00025245
0.000108802
6.97854e-06
0.260564
0.459373
0.276164
0.000164061
0.222664
0.000385792
0.00282704
4.31866e-05
8.46752e-06
4.6707e-05
0.0260376
0.000176896
1.08844e-05
1.76213e-05
0.89714
0.483392
5.31225e-05
4.53152e-05
2.16761e-05
0.000100328
0.0318193
0.518353
0.296253
1.92215e-05
0.042745
0.000175189
0.504769
0.000131652
0.000112465
5.5114e-05
0.523777
0.720657
0.212775
4.74112e-06
0.470081
0.920849
0.000473643
0.4208
3.82965e-05
4.52819e-05
0.169554
0.000177404
3.88054e-05
0.312506
2.82771e-05
0.000341322
0.00270543
0.000257426
0.932245
4.05376e-05
0.401538
0.000798635
7.1286e-05
0.000215629
0.542396
0.000284348
0.401039
0.000126033
0.00164667
0.101681
0.245246
1.46066e-05
1.17071e-05
0.745744
0.0505186
0.218995
0.000144862
0.994267
0.000170683
6.28889e-05
1.90871e-05
0.000232359
0.0806574
0.113494
0.244166
0.441091
0.165205
0.15156
1.02562e-05
0.193646
0.512102
0.948092
0.0173416
0.10592
8.56615e-06
0.256344
3.08428e-05
0.35008
0.869802
0.248471
0.000190882
0.936565
0.992091
3.79642e-05
0.930465
0.861577
0.987564
9.97683e-06
0.959977
0.860484
0.965776
0.862858
0.877905
0.407246
0.0016414
0.0787996
0.00250016
3.53459e-05
0.958916
0.000101774
0.00285698
0.243383
0.000172361
0.589057
0.631135
1.96764e-05
0.681622
0.738397
0.000128146
4.13081e-05
6.43627e-05
0.521725
0.749505
0.715539
1.5196e-05
0.000178503
0.375928
0.000359314
0.000244217
4.36266e-05
0.000160504
0.000216054
0.0161083
9.64148e-05
0.285701
0.000109361
0.000206306
0.00183729
3.72923e-05
0.000115924
0.000106207
2.35602e-05
0.000594033
0.821913
0.120261
0.943794
4.94673e-05
0.442686
2.09622e-05
1.10146e-05
0.686113
0.578006
0.322305
0.787137
6.33197e-06
0.39354
0.825786
0.000471834
0.78474
3.56073e-05
0.839165
0.575212
0.880813
0.564298
0.980966
0.963167
0.970702
4.1157e-05
0.966633
0.951277
0.0265304
0.567285
0.106511
8.34092e-06
1.99702e-05
0.905075
0.397565
0.672633
0.905065
1.95217e-05
0.97455
0.00156128
0.119303
0.964152
0.00177102
0.0017566
0.00134205
0.000423984
0.00369487
0.00244693
0.000109844
0.61199
0.982904
0.265598
0.113804
0.000100856
0.000489926
2.30043e-05
0.953674
0.00233774
0.000172592
0.752744
0.916762
0.000137089
0.000518027
0.469873
0.000167119
4.50976e-05
0.00163398
0.00118353
0.000272017
0.000692157
0.0861176
1.1571e-05
0.000124918
0.710274
0.000166628
0.000137648
0.00117189
0.000331094
0.000455477
2.90228e-05
7.37562e-05
0.901166
7.00452e-05
0.845701
0.371706
0.000983951
0.000585119
0.655647
2.7308e-05
9.64448e-06
0.000244877
0.00223575
0.121746
0.509043
3.03307e-05
0.180824
3.6621e-05
4.563e-05
0.000155226
3.32321e-05
0.000617429
0.783705
6.53886e-05
0.0471169
7.36623e-05
0.241288
0.970665
0.000390263
0.0236477
0.000318923
0.861282
7.53175e-06
0.529074
2.95161e-05
0.962182
9.29555e-05
2.52081e-05
1.01117e-05
0.00026312
0.202783
0.167214
0.000101115
0.292753
0.198757
0.194431
0.235665
5.65272e-05
0.000267314
0.000201664
0.000247714
0.290172
0.557539
0.000451239
2.21514e-05
0.851655
0.00019483
8.91777e-05
0.000133863
0.000252265
0.873421
0.0147866
0.0770262
0.000162918
0.000662298
5.83045e-05
9.49094e-06
0.0500573
0.000431442
2.31053e-05
0.0130226
0.878326
2.76542e-06
0.000276851
0.160592
0.000683469
9.27718e-06
0.713358
0.899638
0.332034
0.64106
0.229174
0.000903169
0.135791
0.683385
0.000200388
1.36896e-05
0.270847
0.439345
5.91117e-05
8.1128e-06
0.0567283
3.66334e-05
0.291401
0.414485
0.000115591
0.000324438
0.887704
0.000440803
0.000191348
0.855657
0.441299
0.401206
0.188041
0.000226291
5.46973e-06
0.0313981
0.000203588
0.969393
0.277755
0.000667299
0.000206009
0.082908
0.133376
6.84149e-05
3.78631e-05
0.000452215
2.75147e-05
1.94358e-05
0.899106
0.000167322
0.244988
1.54998e-05
0.674227
0.966023
0.000573438
0.00115149
0.135803
0.777006
0.439923
0.000453891
0.000347339
0.000248507
0.000402172
0.000178703
2.14004e-05
0.100706
0.468974
9.81142e-05
1.71898e-05
0.000158408
0.541206
0.255889
0.000286969
6.92641e-05
4.13871e-05
0.604829
8.2181e-05
5.6356e-05
1.98628e-05
0.000113964
0.254361
4.90085e-05
0.060401
1.88995e-05
0.000129571
0.863673
7.51925e-05
0.224024
2.6868e-05
0.920081
0.101851
4.34256e-06
0.000878712
0.000400445
0.000249879
0.598152
2.56633e-05
9.36205e-06
0.00019389
0.486761
0.000148539
0.361737
0.164929
0.00011116
0.810269
0.455141
3.1979e-05
0.0726701
3.27804e-05
0.000211678
0.000248177
0.239722
0.838333
0.396973
5.74336e-05
0.000189263
0.000443431
0.414825
0.110523
0.000750563
0.000347642
0.21088
0.296202
0.861129
0.525584
0.216328
0.288694
0.901808
3.23117e-05
0.000471251
0.276034
0.360983
0.841576
0.000477709
0.841547
0.178978
6.60059e-05
0.00043071
0.838192
6.21997e-05
0.409953
0.000181787
0.858361
0.275103
0.000292458
8.21867e-05
4.94472e-05
3.90775e-05
0.000216907
0.111176
0.0845356
0.0947587
6.6086e-05
2.85288e-05
0.000100914
0.975033
0.000227849
0.161627
3.44621e-05
0.186742
0.252895
1.81264e-05
3.49153e-05
0.251756
0.264523
0.0909795
0.000329249
0.205913
0.380973
3.27372e-05
0.743551
0.000315017
0.000136636
0.695535
0.781604
0.864113
0.344276
5.91458e-06
0.000304703
0.785359
0.345991
0.1236
3.53763e-05
1.3475e-05
3.78043e-05
0.893417
7.48078e-05
0.604083
0.000418268
0.971838
0.416722
2.28034e-05
0.130808
0.184434
0.69139
0.738628
3.98767e-05
0.308004
0.781784
0.810482
0.879126
0.000661569
0.128855
0.880545
0.327253
2.72489e-05
0.000114704
0.000109518
0.148372
0.639623
0.0951717
0.0425158
0.73732
0.00101051
0.206467
4.67312e-05
6.60536e-05
0.000534615
0.0395575
0.836874
0.596158
1.88602e-05
0.180365
9.63838e-06
0.87455
8.73079e-06
4.65136e-05
0.000151892
7.67765e-05
0.790812
0.00107031
0.475412
0.00023107
9.13486e-06
0.704634
0.0475325
0.000212665
0.000180136
0.0470414
0.483412
0.535019
9.39695e-05
2.51469e-05
2.91203e-06
8.5922e-05
0.191736
5.71147e-05
0.0869237
0.000547425
8.62841e-05
0.000730138
5.96943e-05
0.547783
0.000354968
6.08314e-05
5.31814e-05
3.72523e-05
0.000332793
0.545171
7.97471e-05
2.37762e-05
0.58659
0.0528964
2.40112e-05
4.18e-05
0.82153
0.451694
0.428063
0.00165099
0.868787
0.00295086
0.000584613
0.368291
0.0408962
0.802997
0.00565613
0.304685
0.977007
0.00561109
0.000739492
0.000614899
0.625558
6.64392e-05
0.307669
0.308027
0.0767649
6.69707e-05
0.000139818
0.000630602
0.000253539
0.539983
0.00178503
8.80861e-05
9.23814e-05
1.48182e-05
0.00215712
0.00415695
0.97486
0.928138
0.820868
0.000125059
0.00019248
2.51821e-05
0.911222
0.811517
0.82472
0.156788
0.790139
0.00142589
0.995023
0.987773
0.000142307
2.47726e-05
0.00216598
0.000747411
0.977232
0.000661369
0.000167737
3.98887e-05
0.543401
0.819807
0.000512208
0.000217159
0.878058
0.000442681
0.0340903
0.00206018
6.09086e-05
6.53861e-05
0.118408
9.79777e-05
0.0741694
2.41826e-05
9.12124e-05
0.00322138
0.142985
0.000396031
1.09615e-05
0.000244104
0.818487
2.68441e-05
0.709576
0.827791
0.88099
2.50401e-05
3.81168e-05
0.630711
7.3285e-05
4.47623e-05
0.00159765
0.52562
0.658516
0.978345
0.987697
0.982
0.877948
0.897823
0.983943
0.00223316
0.955256
0.000608686
1.31666e-05
0.000323034
0.407608
0.807898
0.824141
2.77765e-05
1.20266e-05
0.958091
0.00200485
0.00011078
5.6925e-05
6.55659e-05
0.0698656
0.923203
0.527937
0.00125407
0.644631
0.252408
0.708706
0.000148648
0.000863158
7.47217e-06
0.000175009
0.972605
0.000867158
0.565177
0.00106163
0.860477
0.000924177
0.461456
9.56982e-05
0.697398
6.93502e-06
0.790221
0.794401
0.000210148
0.201155
0.00109151
0.00117779
0.000143412
0.000292124
0.000782316
0.0120462
2.71954e-05
0.00397428
0.0005
0.0030443
0.000367132
1.65588e-05
0.000137696
0.000153186
0.0124108
1.88474e-05
0.000149365
0.421827
4.19003e-06
0.000125724
3.00159e-06
0.000224379
0.000340794
0.000234755
0.773827
0.00231672
0.0365612
0.956264
0.000651597
0.69267
0.00048861
9.28433e-05
2.17852e-05
6.27257e-05
0.260273
0.000121081
7.95358e-05
0.000128647
0.789415
0.82799
0.212866
1.13369e-05
0.150931
0.162833
0.660203
4.06682e-05
0.000104449
0.000156976
0.139975
0.595317
0.742428
0.00022714
0.640293
0.136708
0.654302
5.28002e-05
0.000771896
0.000479316
0.291524
0.691713
6.23433e-05
0.262036
0.390596
0.000142818
4.48767e-05
0.000176562
0.000178865
0.000193472
0.000306667
5.47151e-05
0.000250401
0.791223
0.849546
0.660139
3.09061e-05
0.000411656
0.000462218
9.5214e-05
0.000153045
0.790609
0.968712
0.997507
0.339237
0.133781
0.806179
0.781833
0.948456
1.25129e-05
0.788803
0.00231222
7.20001e-05
0.000974891
5.06653e-05
0.000322301
0.000303742
4.20963e-05
0.891704
0.000642126
0.771646
0.000914051
0.574817
0.801705
0.000212481
2.07056e-05
0.000263242
0.607453
0.00018744
1.29296e-05
4.05091e-05
0.902176
0.556716
0.972405
0.000101166
0.000258286
5.71051e-05
1.92765e-05
0.000124168
0.17425
6.23145e-05
0.000848731
0.85963
0.836427
0.835048
0.0012683
0.892518
0.922715
9.71044e-05
0.00132444
3.76889e-05
4.75299e-05
0.00151877
0.910299
2.71995e-05
4.41089e-05
8.77974e-05
0.538017
0.315033
0.659046
0.000469921
0.000224512
0.000201483
2.37505e-05
3.87636e-05
0.225597
2.98739e-05
9.69859e-05
0.417769
4.34915e-05
0.211268
1.90374e-05
1.37093e-05
6.65615e-05
4.88229e-05
0.974479
0.000140275
0.0431519
0.00017297
3.24878e-05
0.000143697
8.89403e-05
0.612403
0.185162
0.423219
0.000186275
4.86033e-05
0.724736
0.000169445
0.546199
0.000116411
3.0293e-05
0.0719911
0.000137321
6.80497e-05
0.260713
0.602498
0.000232174
6.30647e-05
2.45341e-05
3.18672e-05
0.356434
0.0956341
0.705671
0.000106975
1.45371e-05
0.741806
2.05159e-05
5.52775e-05
0.00899045
7.71782e-05
0.905037
0.0881049
0.46838
7.74964e-05
1.94544e-05
0.000667305
0.0784866
0.000227853
3.482e-05
0.000516316
0.969801
0.648476
4.65879e-05
0.434681
0.283175
2.00295e-05
0.000197737
0.862577
0.000168863
7.11332e-05
0.637894
5.21769e-05
1.86172e-05
0.000466366
3.51735e-05
0.000211448
1.64621e-06
9.26848e-05
0.838189
3.63697e-05
8.87883e-06
0.988692
0.029126
0.000439767
0.000535184
0.000173396
0.000174642
0.790959
0.000730866
4.29993e-06
0.323902
2.38684e-06
0.101953
5.69454e-06
1.25763e-05
0.471803
7.98329e-05
0.478558
0.778196
4.43349e-05
5.432e-05
0.893948
0.94231
0.0052365
0.154132
0.000172865
0.108881
1.02252e-05
8.67108e-06
0.0635838
0.000180859
0.920947
0.000148489
0.000475481
0.000228837
0.956913
0.000856739
0.347315
0.000132487
0.853939
0.00771175
0.000168875
7.13216e-05
0.000410035
7.18628e-05
1.77043e-05
2.16116e-05
0.683016
0.979087
0.964576
0.96574
0.877477
0.995091
0.806862
9.07724e-05
0.995173
0.819162
0.146011
0.526441
0.000310847
0.976151
0.928836
0.795328
0.971432
0.351881
0.000108242
0.974423
0.884414
3.92947e-05
0.854447
0.695774
0.861574
0.953629
2.24122e-05
0.000238457
0.000116217
1.66929e-06
0.618263
0.00832251
7.76898e-06
0.894242
0.975621
0.472412
0.00499844
0.00119536
0.000197922
0.814836
0.000800622
0.952678
4.09924e-05
0.00689916
7.42705e-05
0.794309
0.000600846
0.158814
0.543872
0.516257
0.761453
0.00161658
0.16641
0.728587
6.56374e-05
0.000399693
3.17307e-06
9.75944e-05
0.0033832
1.4801e-05
0.98613
0.000295991
0.0026223
0.169721
0.000695603
0.81131
0.000250137
0.0514018
0.00124748
0.941312
0.00199921
0.921732
0.36016
0.000297223
3.45935e-05
0.969376
0.00236593
0.57494
8.64601e-05
0.475757
0.000204394
0.0910145
0.00012154
0.000237389
0.150267
0.000804314
0.960159
0.000152692
0.000135328
0.000566184
0.605619
0.682052
0.000226093
0.641753
4.91489e-05
0.607478
9.23355e-05
0.000916202
3.46266e-06
0.00190995
0.714608
0.749107
0.437141
0.000649855
5.31026e-05
0.000144575
0.0886366
0.000244338
0.000829358
0.900339
0.204622
0.00403304
2.77967e-05
0.671931
0.7438
0.589942
0.699509
2.30583e-05
0.000202051
0.273528
0.724467
0.000429631
0.000787936
0.00187254
0.797573
0.00143882
0.912388
0.00311014
0.000120853
0.895999
0.57491
0.000357125
3.49313e-05
0.000956936
0.000953421
5.85458e-06
0.000697727
0.832207
3.55746e-05
0.00192106
0.617559
0.4041
5.6368e-05
0.000986071
0.353095
0.000529975
0.740844
4.96831e-06
7.00071e-05
0.0567894
8.92971e-05
0.657427
0.00185827
1.43927e-05
3.66268e-05
0.000671551
0.575463
0.459965
0.929366
0.000201676
0.430338
0.00259725
0.000228758
0.390134
0.846685
0.000289789
0.000613169
4.5218e-05
0.000207799
0.000175494
0.684492
0.0862108
0.00319004
0.953796
0.978344
0.000546717
4.11625e-05
0.000366097
0.891623
0.317466
0.174629
0.361084
0.677073
0.970193
0.797114
0.895142
0.699112
0.000147838
0.937768
4.70417e-06
0.976768
0.000368036
0.00018953
0.00050837
0.84254
0.0019113
0.000917272
0.635058
0.00047675
0.000806268
0.737805
0.000186417
0.18171
0.782866
1.33235e-05
7.74324e-05
0.887275
0.0014763
0.96463
2.89064e-05
0.289381
0.000267038
0.908103
7.62111e-05
0.956301
0.464221
0.780638
0.000147777
0.000118017
0.862313
0.000157564
0.874799
6.08722e-05
0.816723
3.99274e-06
0.000766841
0.946022
0.928126
0.0465745
0.349015
0.464558
4.03357e-05
0.138134
0.890538
0.000375981
3.98443e-05
5.76699e-06
1.4665e-05
0.00120203
0.000178723
0.892887
0.992548
0.857666
0.000128151
0.961781
1.09265e-05
7.42465e-05
0.396749
4.32984e-05
1.02199e-05
0.561718
0.000495161
0.838526
0.0565625
0.000556803
0.629467
0.000142151
0.626411
1.0679e-05
0.96266
0.00011676
0.897875
0.000311758
0.449295
0.176111
0.109701
0.293166
0.00148639
0.923975
0.891177
0.923169
0.00027583
2.11842e-05
3.81866e-05
0.897202
0.233989
3.03124e-05
7.51766e-05
0.0381672
0.000178668
0.700984
8.88733e-05
0.000206616
0.000861281
0.766158
0.335501
0.000130959
0.00010225
0.000178735
4.18515e-05
0.832034
0.449676
0.000470889
0.451395
9.37336e-05
0.887262
2.13593e-05
7.46817e-05
0.00102115
0.000684336
0.000388934
0.000300528
1.59717e-05
0.00137639
0.556197
0.958078
0.000295878
2.65297e-05
0.000234418
0.872127
0.920545
0.855668
0.000863602
0.28844
0.000155591
0.864418
0.00018924
0.873752
0.000635275
9.75186e-05
0.00012276
0.000736121
1.57944e-05
0.632686
0.00318554
0.000572233
0.000293176
9.25539e-05
0.000145594
0.112956
0.000143353
0.00111362
4.11614e-05
0.000121148
0.57785
6.78297e-05
0.000283155
2.54206e-05
8.16996e-05
0.00518244
2.15488e-05
0.000201007
1.70311e-05
0.000169056
0.000735151
0.646801
0.250747
0.00028216
6.48033e-05
0.3799
0.944048
0.0613853
0.289283
0.000327008
6.18793e-06
0.000318635
0.978925
0.295009
0.708093
0.000159903
0.235435
0.94808
0.000126221
0.705801
0.000260191
0.000135904
2.98201e-05
0.00101118
1.01723e-05
0.813135
0.0025618
0.000354408
0.000512278
0.910724
8.65114e-05
0.000963472
0.000368921
0.000128203
0.00014578
6.14931e-05
0.758005
0.588111
7.48275e-05
0.863763
0.0741395
0.0577481
0.0686283
0.922812
0.000265227
0.789921
1.57574e-05
0.342039
0.00013806
4.2069e-05
0.0579277
7.58339e-05
5.20594e-05
0.000663014
0.417138
2.55096e-05
0.665601
0.280673
0.867838
1.73915e-05
0.224489
5.54856e-06
5.57026e-05
4.27471e-05
0.000150053
0.000128168
0.000482983
0.802868
2.96434e-05
0.681908
0.527752
8.86282e-05
0.000238908
1.61974e-05
3.26892e-05
0.828214
0.000319327
0.000342365
0.54745
0.762814
6.89201e-06
5.48e-06
0.620359
0.309368
1.44204e-05
0.217521
0.000679008
0.0073918
8.74665e-05
0.000242285
0.00010438
1.62526e-05
0.000130769
6.07046e-05
0.318108
8.75899e-05
0.764798
3.08821e-05
0.0738416
0.293023
0.000642065
3.36275e-05
1.82681e-05
0.506046
0.567867
0.852235
4.0398e-05
0.78471
0.000313971
0.305463
0.26611
0.20707
3.98646e-06
0.901532
0.117097
0.000490126
0.0739109
0.000111795
0.0010022
0.000522153
7.73407e-06
0.525269
0.229682
0.549482
0.331646
0.921927
0.355907
0.0200617
0.513739
0.00018609
0.67671
0.924185
1.04663e-06
0.731329
0.00126615
0.000205657
0.366203
0.323774
8.47008e-05
1.85982e-05
0.682853
0.308664
0.000137556
0.68912
0.344348
0.000705797
7.07981e-05
0.000137087
0.618465
0.000531685
3.18055e-05
0.578337
0.86773
0.850458
0.00153372
2.8467e-05
0.46468
0.000331097
3.48992e-05
0.612297
0.271114
0.24159
3.37392e-05
5.0711e-05
3.2227e-05
0.0010696
0.000258229
0.000193265
0.385732
0.000329689
0.0768902
0.000193076
2.02342e-06
0.418906
5.35525e-06
0.697849
0.318043
0.322828
0.129054
0.000141272
1.59656e-05
0.745031
8.73618e-06
0.000151409
0.97754
0.0774435
6.41917e-05
0.000168394
0.00120169
0.394462
0.0012852
0.269247
0.000278847
0.000191633
0.875525
0.000218905
0.0175241
0.249191
5.46699e-06
6.32361e-05
0.306618
0.172408
0.704597
0.119242
0.0001187
0.00013402
0.10245
0.90804
9.75966e-05
0.337752
0.000154641
4.48933e-05
5.79806e-05
0.159343
0.000108772
0.802382
0.000121871
0.232611
0.398418
0.488709
0.000302984
0.000858047
5.4067e-05
0.000588577
4.01042e-05
3.3977e-05
1.46021e-05
9.91528e-05
0.221824
0.795438
0.167494
0.378506
9.48083e-05
0.182368
0.947799
0.000159967
0.000159098
0.416038
3.42003e-05
0.873847
0.540073
0.663817
0.140223
0.000158627
0.0464473
0.00010033
7.98087e-06
0.904567
0.000128709
0.623017
0.0982062
3.54657e-05
0.205966
0.00061311
0.339336
0.00148437
0.308303
8.2903e-05
0.000105059
0.377352
0.195599
5.97922e-05
0.000161114
0.244651
0.959788
0.000174107
0.000206468
7.65218e-05
0.300792
0.0003608
2.65769e-05
0.00018849
0.907124
0.291955
0.66224
0.000169802
0.800875
0.790731
6.8654e-05
2.57718e-05
4.80668e-05
0.000208758
0.270215
0.402525
1.93685e-05
0.00015973
0.842199
0.000112234
1.0951e-05
0.000455622
3.73629e-06
0.000100422
0.204057
0.000177034
6.82595e-05
5.83837e-05
0.000221249
0.000136948
0.0041483
0.000242793
0.0154017
0.425189
0.89199
0.0457103
0.62315
0.977471
0.000248618
0.446858
0.940806
0.760975
0.549794
5.92312e-05
0.108618
0.0547065
0.322703
0.999102
0.000151134
2.52779e-05
0.942824
0.837262
0.974877
0.983955
1.98804e-05
0.955813
0.973515
2.03182e-05
0.84479
0.972961
0.983835
0.335998
0.717656
0.941936
0.866563
0.923865
0.929078
0.886439
0.779097
0.277298
0.771823
0.954645
8.464e-05
2.23457e-05
0.991193
7.49153e-05
0.00023578
0.00245362
0.867197
0.904732
0.983634
0.311157
4.81594e-06
6.18474e-06
0.0349446
0.88462
0.989048
0.00190396
0.00141729
0.000133922
0.000162686
0.000175838
0.000997491
0.33071
0.868065
0.00048485
0.000118618
0.679083
0.701951
0.918787
0.654845
0.000132876
0.000247613
0.361978
0.934618
0.000103658
0.910913
3.60496e-05
0.000306674
0.000468032
0.252013
0.672536
0.154527
9.37265e-05
8.26968e-05
0.384259
0.960011
0.927092
0.000240782
0.0990802
2.20787e-05
0.941817
4.18865e-05
0.707011
0.000214353
0.00105993
0.000189475
9.67641e-05
0.000209915
0.326363
0.944613
0.0873641
0.000121313
0.0653566
0.940502
4.57548e-05
2.10813e-05
0.301566
0.00015404
6.05596e-05
5.73942e-05
5.76285e-05
5.75594e-05
0.000120361
4.06864e-05
0.266212
0.589617
0.798264
4.73352e-05
0.60178
0.781655
0.719751
2.44687e-05
0.114224
2.58572e-05
0.480457
0.465073
0.216571
0.159489
0.000723515
0.757513
0.764199
8.8605e-05
0.590889
0.406122
0.562617
2.13644e-05
0.00133891
1.41988e-05
0.000195635
2.97247e-05
0.000110772
0.000189642
0.199761
9.82072e-06
2.17239e-05
0.0197263
0.836911
0.000128683
0.0138077
0.000980832
0.342106
7.6932e-05
0.000985418
6.71711e-05
4.80088e-05
0.234541
0.000719607
8.38553e-05
0.202319
0.106994
0.659604
1.48924e-05
0.000645485
2.03681e-05
0.969026
0.000123616
0.000296738
7.45634e-05
0.186227
1.87925e-05
9.73056e-05
4.85981e-05
2.29709e-05
0.525393
6.35713e-05
0.0446305
0.0648188
3.36724e-05
0.295642
4.0342e-05
1.47543e-06
0.0662677
0.304277
0.251599
0.817867
0.267893
5.79112e-05
0.527319
0.00122398
0.0936413
2.06792e-05
0.134295
0.000820385
3.63688e-05
7.67469e-05
0.531398
0.000587923
0.764013
0.603732
0.6358
0.00014822
4.77196e-05
0.120788
0.186302
0.19307
0.743758
0.000161088
0.0669973
0.000147712
0.000406456
0.000104389
0.347902
8.15574e-05
0.329645
0.0803252
2.75208e-05
6.12331e-05
9.74802e-05
7.82811e-06
5.35949e-05
0.000110478
0.000104479
4.87837e-05
0.000155054
0.58774
0.0913626
8.02527e-06
0.276719
0.000147398
0.934666
0.0967726
4.37214e-05
2.28911e-06
9.76633e-05
1.59103e-05
0.32746
1.17437e-05
9.23328e-05
0.00026045
0.000696104
0.571315
0.000390569
0.00023838
0.000646383
0.000119934
0.388802
1.78343e-05
1.0961e-05
0.935802
0.000350061
0.736902
0.173823
3.13225e-05
0.064082
0.996449
9.50518e-05
0.633302
3.80807e-06
0.969077
7.64103e-05
0.00489582
0.620312
0.000291687
0.000719248
0.000327015
0.000242562
0.000302817
5.0746e-05
2.16738e-05
0.600716
0.000163842
7.00832e-05
0.000106314
3.34038e-05
0.715871
5.02788e-05
0.000191367
9.18666e-06
0.456319
0.292543
0.000177012
0.908984
4.39907e-05
0.148635
2.47747e-05
6.26434e-05
7.99695e-06
0.000450133
7.38066e-05
0.000282378
0.2172
0.173065
0.989034
0.864856
9.00208e-06
0.917976
0.943239
2.84536e-05
0.991801
0.000248358
0.903891
0.967889
0.901955
0.975501
0.215804
0.000440063
0.00375738
0.00137674
0.000161532
2.62113e-05
0.979154
3.17741e-05
9.97728e-06
7.46415e-05
0.000807507
0.000144671
0.000145672
0.697125
0.952321
1.71007e-05
0.244037
8.79733e-05
0.883704
0.00123851
0.585441
0.835267
5.2898e-05
0.753997
0.000103531
0.808294
0.000433702
0.304348
0.483186
0.987645
0.513394
0.89494
0.000314975
4.93352e-05
0.131352
3.52082e-05
1.15629e-05
7.2947e-05
0.134638
0.000257156
0.000162829
0.000184305
0.0685742
0.000669829
0.84378
0.264536
0.963424
4.50875e-05
0.236599
0.503723
6.50174e-05
0.852912
0.000239531
0.831446
2.68582e-05
1.73242e-05
0.000166643
7.3175e-05
0.00252817
0.0757071
3.5257e-05
0.000118288
0.616744
0.000153249
0.407271
0.0689966
0.158711
0.649635
0.670491
0.00013737
0.000418767
0.360835
0.828906
1.69842e-05
0.00122344
0.00021221
0.000227849
0.289503
0.000362644
0.567479
0.000234023
0.11372
6.56141e-05
1.18478e-05
0.55681
4.89514e-05
3.33892e-05
0.488519
8.51994e-05
8.44067e-05
0.845125
0.391995
0.0744858
5.77645e-05
0.164198
0.000100706
0.000590792
1.24195e-05
0.498025
0.194052
0.835446
0.226628
0.124238
4.91947e-05
0.000222355
7.67762e-05
0.428279
0.157139
0.000788116
2.16729e-05
5.57009e-05
9.26501e-06
2.68868e-05
3.82437e-05
0.509465
5.9661e-05
0.794796
0.941823
0.822184
6.13641e-05
8.44572e-06
0.336651
0.219084
0.000124157
0.748337
4.87433e-05
2.71794e-05
0.0599565
0.258328
2.16303e-05
1.528e-05
0.67586
0.458878
0.000144475
0.253389
0.0909535
0.0404893
0.274086
0.000143777
0.107464
5.34786e-05
0.00037449
0.801707
8.23086e-05
0.59669
0.139976
5.4573e-05
0.184979
2.91066e-05
0.000197622
3.82956e-05
0.103471
0.470097
0.598175
0.270768
4.92029e-05
2.39882e-05
0.352387
0.004439
2.27388e-05
0.964933
0.773542
0.933352
0.902733
0.496953
0.885607
0.647708
0.00028761
8.20524e-06
4.71854e-05
0.99218
0.887877
0.822229
4.72437e-05
0.982024
0.000893655
4.03271e-05
0.000187074
2.61563e-05
0.884822
0.322738
0.000113979
2.58086e-05
0.365992
1.33201e-05
0.145261
2.45944e-05
1.073e-05
0.000209602
0.163919
0.000116462
0.00010483
0.449754
0.00019672
6.39292e-05
3.32872e-05
2.22331e-05
4.52228e-05
2.23311e-05
0.000225864
6.58912e-05
0.81363
6.05146e-05
0.958598
0.940516
0.000121968
0.00051044
0.592331
5.79254e-05
0.867647
0.846667
0.187151
0.308895
5.9897e-05
8.37725e-05
1.88752e-05
0.773934
2.73337e-05
0.000875593
0.000135123
6.97326e-05
0.410846
0.000418007
0.000631882
3.15257e-05
7.80063e-05
0.954996
0.899521
0.571693
0.908791
0.781129
0.942833
0.000452782
0.000447828
0.0900798
0.0875025
0.000455256
0.000578228
0.0495879
4.51043e-05
9.05666e-05
0.000525645
0.908317
1.34697e-05
2.66169e-05
0.000660804
0.000121653
0.953962
0.786198
0.125947
4.84357e-06
0.000131678
0.000360311
0.887815
1.13246e-05
0.000104123
0.00128597
0.496219
0.000510563
0.387842
5.3589e-05
0.852529
0.00143624
1.53414e-05
0.000662959
0.780805
0.827801
0.000224734
5.4308e-05
3.58477e-05
2.52737e-05
0.0002772
0.000267405
0.854021
0.365306
0.000735794
0.366761
2.38236e-05
0.0702631
0.000135567
0.937235
0.462267
0.000706027
0.958373
1.87205e-05
0.000149518
7.56793e-05
6.7256e-05
0.000382098
0.00011317
7.1691e-05
0.330565
0.000288793
0.923242
0.86943
0.832173
0.638497
0.789648
0.8846
0.195838
0.000154188
0.000881253
7.35256e-05
0.347955
0.0993154
0.171822
0.00011231
0.0006718
0.527647
0.308229
0.610741
0.543343
0.000153257
0.132498
0.000126664
1.15742e-05
0.230938
0.000160382
7.18623e-05
1.27243e-05
0.000219456
0.181895
0.0614835
4.16014e-05
0.000133704
3.91697e-05
0.000408954
0.123028
1.36562e-05
0.494437
0.283052
0.108737
1.80352e-05
4.05625e-05
7.93046e-06
1.49465e-05
4.03501e-05
0.000146623
0.21398
0.000465876
2.99522e-05
0.965809
0.532797
0.00297519
0.730729
0.892339
0.727389
8.5312e-05
0.597177
0.000452004
2.97025e-05
0.647452
0.0810573
0.0015977
0.000171907
0.000335412
0.959175
0.000128574
0.0663093
5.34742e-05
0.090192
0.150544
0.000465475
0.000333611
2.81351e-05
0.748447
0.662564
0.402236
1.78243e-05
0.000235314
0.0528759
0.509267
2.70467e-05
0.153066
0.000103333
0.0298409
0.173843
1.82913e-05
0.600995
0.359315
0.00014462
0.98728
0.811586
0.892955
0.920505
0.000936163
4.19695e-06
8.24069e-06
0.000156545
0.000902617
0.406808
7.26657e-05
0.462393
0.703207
8.30214e-05
0.992669
0.920302
0.898085
0.000101193
0.000180108
0.864398
0.792995
0.000994437
0.0002985
0.000201677
0.250858
0.750741
0.886527
5.01476e-05
6.62236e-05
0.852338
0.200665
0.000101597
0.98471
0.0867153
0.238999
0.102533
0.000292382
7.88711e-06
0.629562
1.79612e-06
0.000220424
0.64126
0.77117
0.988751
0.000124584
8.70194e-06
0.000126456
0.000719703
0.884847
0.000148635
0.000345536
0.000197994
6.16471e-05
0.000115639
0.768142
0.784637
0.000121643
0.000169512
0.000742174
0.000164348
0.0120879
0.000119396
0.000222987
1.38001e-05
7.56847e-05
6.93686e-06
0.297848
0.216453
0.278765
0.000149405
0.151762
0.000122257
7.45564e-06
0.000130121
8.57163e-05
0.714588
1.67613e-05
7.88829e-05
0.000155497
2.15152e-05
0.000176134
0.659861
0.00444064
0.00011682
0.329042
0.666833
0.831203
2.93569e-05
0.898387
1.41646e-05
0.695619
0.350437
0.965368
0.903651
0.000595984
0.89052
0.000799354
0.888566
0.606571
0.98998
0.40155
1.93742e-05
0.971476
0.000242173
0.000391771
0.000152255
0.00125253
0.980764
0.0898202
1.74272e-05
0.937734
0.351292
0.000115918
0.858625
0.107454
0.000385446
0.000416903
0.000224089
0.000109542
1.35584e-05
0.101808
2.73947e-05
0.000679881
1.27953e-05
0.000100625
0.724033
0.986794
0.0428156
0.819917
0.968673
3.91775e-05
0.000332169
3.0186e-05
6.32966e-05
6.04169e-05
0.000569788
0.0990351
0.50949
8.45922e-06
0.283333
0.321318
0.397017
6.24982e-05
0.000169787
0.00175194
0.000123502
0.98584
0.730852
0.442138
0.000110245
0.000525831
0.451308
0.194343
0.0468884
0.791663
5.29849e-05
0.00105192
0.0638965
0.597101
0.0643988
0.962552
7.00459e-05
0.981793
0.135242
0.000121998
7.48459e-05
0.000680056
0.530703
0.0271507
0.744751
2.57637e-05
0.292365
0.453931
0.000225781
6.95112e-05
5.70461e-05
0.0117713
4.62281e-06
0.0328906
0.562407
4.33751e-05
6.00774e-06
0.923024
6.72976e-05
0.304608
0.615393
0.0802515
1.15676e-05
0.00186203
0.88369
1.67381e-05
5.82653e-05
5.82763e-05
2.64909e-05
9.10085e-06
0.000198033
4.01585e-05
0.190919
0.326738
0.00027446
0.000122665
0.0475446
0.357411
1.27541e-05
0.576842
0.382502
0.360818
0.000256566
8.00922e-05
4.17976e-05
0.955468
0.16187
8.25848e-05
0.000111587
0.712706
0.0743795
0.000227186
0.248153
0.000325675
0.427228
0.655178
0.000452165
0.359151
0.111655
0.000236588
0.00173534
0.845576
0.987206
0.000380936
6.68645e-05
0.0206101
0.957627
5.97437e-05
0.556083
0.17124
0.876547
0.234516
0.985674
3.83594e-05
0.188586
8.63999e-05
1.89467e-05
0.00427184
0.0727814
4.96979e-05
0.00145644
0.000272797
0.121279
0.000103347
0.223501
8.59191e-05
0.950581
0.0495538
0.000489968
0.00234097
0.483262
7.18921e-05
9.0858e-06
0.223066
0.972697
0.926482
4.95471e-05
6.1413e-05
0.000693831
0.000411726
0.479953
0.000758052
7.92879e-05
0.000944144
0.00040267
0.000299576
0.00157793
0.54646
0.000473782
0.000775869
0.000360665
0.771747
6.14013e-05
0.981534
3.94305e-06
0.212255
0.766213
0.785271
6.72743e-05
0.701506
0.992415
2.97961e-05
0.000616731
0.18551
0.000306209
0.00227103
0.000114094
0.000231683
6.80351e-05
0.0011486
0.000223698
0.000185546
0.0820514
0.950564
0.541358
3.16049e-05
0.955257
7.77838e-05
0.0031501
0.335312
4.61286e-05
3.91783e-05
0.00306677
0.00011998
3.47503e-05
0.00264619
0.621667
0.258423
0.280615
0.897058
0.914362
0.83921
0.216176
0.857304
0.687427
0.766927
0.00101696
0.0627563
0.895281
0.677996
0.000195476
2.74941e-06
5.26517e-05
0.633918
4.81724e-05
0.000173006
1.47502e-05
0.61038
0.884949
0.000116857
0.122164
0.597025
0.93312
5.35882e-05
0.000508998
3.88341e-06
0.912399
0.283777
0.000410343
0.481585
0.000208497
0.00021991
0.525979
2.8959e-05
0.900081
0.286471
0.00114465
0.861276
0.000181703
0.000292655
9.22467e-05
0.00030529
0.00140187
0.22702
0.867376
0.000477212
0.000380249
0.223021
0.00117523
0.000553495
5.83311e-05
0.720117
0.318342
0.602433
0.00107329
0.73088
0.000143098
0.963955
0.177732
0.00040618
0.000614955
0.565916
0.00040118
0.630478
0.711744
0.000475872
7.3369e-05
0.000987379
0.0010603
0.506826
0.942743
0.147369
0.0593016
0.642807
0.602385
0.943551
0.986773
0.000443987
0.00104947
0.00032332
3.52342e-05
0.00108782
0.000151821
3.26218e-05
8.06848e-05
0.962377
4.68105e-05
0.200276
0.000410636
9.29126e-05
0.000312303
4.59354e-05
0.739273
6.67773e-05
0.00108461
2.2755e-05
0.00131911
6.21292e-05
2.99223e-05
0.0602168
0.834033
0.905571
1.39764e-05
0.000621696
0.961924
0.270474
0.100315
0.000285117
6.06998e-05
0.805834
2.07386e-05
7.59239e-05
0.000374693
0.000166219
0.868263
0.000145419
5.4388e-05
3.42891e-05
0.300601
1.59161e-05
0.737848
0.125135
3.49678e-05
0.931202
0.000684256
1.50387e-05
9.83152e-06
0.115108
0.000207337
0.000172556
0.464014
6.84576e-06
0.000438569
0.484125
0.916191
2.87341e-05
4.38723e-06
1.17e-05
0.328589
0.177569
0.000263727
8.44857e-05
4.10712e-05
0.322156
0.000193274
0.153011
0.00029528
0.915755
0.60616
0.000257041
0.000129398
3.86874e-05
0.364934
0.000178723
0.000472721
0.000104391
8.29295e-06
3.90794e-05
0.312594
2.72017e-05
8.34544e-05
0.289366
2.34593e-05
0.707808
0.185995
0.766075
0.766432
0.000434653
4.41129e-05
0.34925
8.399e-05
0.215638
8.41824e-05
0.000236508
0.0015655
0.312221
0.000371702
0.000129672
1.23911e-05
5.49692e-05
8.90082e-06
0.00049653
3.77981e-05
8.60622e-05
0.000146736
5.34782e-05
8.46964e-05
4.06975e-05
0.000238909
5.17179e-05
0.180534
0.000110178
0.179202
0.122588
0.70781
0.43214
1.60206e-05
4.91918e-05
0.830989
0.55781
0.521825
0.104562
0.474053
0.000111513
0.091067
0.178063
0.181434
1.67048e-05
7.4014e-05
2.20191e-06
0.000905606
1.0997e-06
0.00176388
0.000155673
0.947533
0.0490541
0.000836758
6.16039e-05
0.489882
0.48133
0.000365234
0.345504
7.72302e-05
1.78564e-05
0.000286241
0.651049
4.94026e-05
0.686276
0.462682
5.2381e-05
5.68228e-05
0.00032362
6.39013e-05
0.581376
0.000406439
0.892936
0.000100407
5.6429e-05
0.0551147
6.07039e-05
0.996837
2.28253e-05
0.950404
6.83009e-05
0.837183
0.372976
0.966071
0.000410983
0.00130632
0.285426
3.50169e-05
0.857786
0.000108202
0.738743
0.923441
0.326632
